# ===============================
# Summary for ./MuonID_mc_all.dat
# -------------------------------
# Number of cells:    110
# Number of pass :       -10890
# Number of total:       -10890
# -------------------------------
# min momentum:       4
# max momentum:       500
# min polar angle:    0
# max polar angle:    2.5
# -------------------------------
# min efficiency:       99
# max efficiency:       -1
# min error:            99
# max error:            -1
# -------------------------------
# <Efficiency>:       0.543182
#                 +/- 7.62073e-06
# <Delta Efficiency>: 3.00821e-05
# -------------------------------
  4.000   4.500  0.00  0.20 -180.00 180.00  0.635570  0.000072         -99         -99         -99         -99
  4.500   5.000  0.00  0.20 -180.00 180.00  0.753129  0.000172         -99         -99         -99         -99
  5.000   5.500  0.00  0.20 -180.00 180.00  0.813109  0.000270         -99         -99         -99         -99
  5.500   6.000  0.00  0.20 -180.00 180.00  0.848021  0.000370         -99         -99         -99         -99
  6.000   7.000  0.00  0.20 -180.00 180.00  0.843773  0.000232         -99         -99         -99         -99
  4.000   4.500  0.20  0.30 -180.00 180.00  0.347911  0.000313         -99         -99         -99         -99
  4.500   5.000  0.20  0.30 -180.00 180.00  0.512773  0.000026         -99         -99         -99         -99
  5.000   5.500  0.20  0.30 -180.00 180.00  0.613294  0.000135         -99         -99         -99         -99
  5.500   6.000  0.20  0.30 -180.00 180.00  0.698722  0.000384         -99         -99         -99         -99
  6.000   7.000  0.20  0.30 -180.00 180.00  0.730405  0.000321         -99         -99         -99         -99
  4.000   4.500  0.30  0.60 -180.00 180.00  0.685962  0.000061         -99         -99         -99         -99
  4.500   5.000  0.30  0.60 -180.00 180.00  0.760795  0.000110         -99         -99         -99         -99
  5.000   5.500  0.30  0.60 -180.00 180.00  0.812778  0.000176         -99         -99         -99         -99
  5.500   6.000  0.30  0.60 -180.00 180.00  0.865115  0.000256         -99         -99         -99         -99
  6.000   7.000  0.30  0.60 -180.00 180.00  0.855539  0.000000         -99         -99         -99         -99
  4.000   4.500  0.60  0.80 -180.00 180.00  0.631479  0.000064         -99         -99         -99         -99
  4.500   5.000  0.60  0.80 -180.00 180.00  0.730163  0.000173         -99         -99         -99         -99
  5.000   5.500  0.60  0.80 -180.00 180.00  0.813079  0.000269         -99         -99         -99         -99
  5.500   6.000  0.60  0.80 -180.00 180.00  0.818554  0.000351         -99         -99         -99         -99
  6.000   7.000  0.60  0.80 -180.00 180.00  0.844578  0.000265         -99         -99         -99         -99
  4.000   4.500  0.80  1.20 -180.00 180.00  0.606948  0.000021         -99         -99         -99         -99
  4.500   5.000  0.80  1.20 -180.00 180.00  0.739531  0.000076         -99         -99         -99         -99
  5.000   5.500  0.80  1.20 -180.00 180.00  0.761211  0.000109         -99         -99         -99         -99
  5.500   6.000  0.80  1.20 -180.00 180.00  0.807286  0.000172         -99         -99         -99         -99
  6.000   7.000  0.80  1.20 -180.00 180.00  0.829387  0.000115         -99         -99         -99         -99
  4.000   4.500  1.20  1.40 -180.00 180.00  0.743629  0.000146         -99         -99         -99         -99
  4.500   5.000  1.20  1.40 -180.00 180.00  0.755331  0.000194         -99         -99         -99         -99
  5.000   5.500  1.20  1.40 -180.00 180.00  0.819440  0.000285         -99         -99         -99         -99
  5.500   6.000  1.20  1.40 -180.00 180.00  0.814345  0.000414         -99         -99         -99         -99
  6.000   7.000  1.20  1.40 -180.00 180.00  0.844309  0.000274         -99         -99         -99         -99
  4.000   4.500  1.40  1.60 -180.00 180.00  0.694879  0.000113         -99         -99         -99         -99
  4.500   5.000  1.40  1.60 -180.00 180.00  0.700480  0.000149         -99         -99         -99         -99
  5.000   5.500  1.40  1.60 -180.00 180.00  0.704948  0.000206         -99         -99         -99         -99
  5.500   6.000  1.40  1.60 -180.00 180.00  0.752150  0.000292         -99         -99         -99         -99
  6.000   7.000  1.40  1.60 -180.00 180.00  0.778804  0.000240         -99         -99         -99         -99
  4.000   4.500  1.60  1.80 -180.00 180.00  0.686041  0.000118         -99         -99         -99         -99
  4.500   5.000  1.60  1.80 -180.00 180.00  0.635966  0.000069         -99         -99         -99         -99
  5.000   5.500  1.60  1.80 -180.00 180.00  0.679827  0.000162         -99         -99         -99         -99
  5.500   6.000  1.60  1.80 -180.00 180.00  0.724267  0.000317         -99         -99         -99         -99
  6.000   7.000  1.60  1.80 -180.00 180.00  0.700812  0.000150         -99         -99         -99         -99
  4.000   4.500  1.80  2.00 -180.00 180.00  0.873300  0.000391         -99         -99         -99         -99
  4.500   5.000  1.80  2.00 -180.00 180.00  0.789659  0.000362         -99         -99         -99         -99
  5.000   5.500  1.80  2.00 -180.00 180.00  0.813196  0.000498         -99         -99         -99         -99
  5.500   6.000  1.80  2.00 -180.00 180.00  0.849682  0.000645         -99         -99         -99         -99
  6.000   7.000  1.80  2.00 -180.00 180.00  0.837851  0.000349         -99         -99         -99         -99
  4.000   4.500  2.00  2.20 -180.00 180.00  0.833555  0.000423         -99         -99         -99         -99
  4.500   5.000  2.00  2.20 -180.00 180.00  0.830577  0.000577         -99         -99         -99         -99
  5.000   5.500  2.00  2.20 -180.00 180.00  0.823251  0.000516         -99         -99         -99         -99
  5.500   6.000  2.00  2.20 -180.00 180.00  0.825545  0.000786         -99         -99         -99         -99
  6.000   7.000  2.00  2.20 -180.00 180.00  0.887997  0.000000         -99         -99         -99         -99
  4.000   4.500  2.20  2.50 -180.00 180.00  0.871539  0.000763         -99         -99         -99         -99
  4.500   5.000  2.20  2.50 -180.00 180.00  0.782245  0.000694         -99         -99         -99         -99
  5.000   5.500  2.20  2.50 -180.00 180.00  0.920779  0.001567         -99         -99         -99         -99
  5.500   6.000  2.20  2.50 -180.00 180.00  0.867267  0.000833         -99         -99         -99         -99
  6.000   7.000  2.20  2.50 -180.00 180.00  0.879730  0.001240         -99         -99         -99         -99
  7.000   8.000  0.00  0.20 -180.00 180.00  0.821464  0.000773         -99         -99         -99         -99
  8.000  10.000  0.00  0.20 -180.00 180.00  0.900399  0.000687         -99         -99         -99         -99
 10.000  15.000  0.00  0.20 -180.00 180.00  0.813850  0.000429         -99         -99         -99         -99
 15.000  20.000  0.00  0.20 -180.00 180.00  0.825789  0.002033         -99         -99         -99         -99
 20.000 500.000  0.00  0.20 -180.00 180.00  0.814689  0.004508         -99         -99         -99         -99
  7.000   8.000  0.20  0.30 -180.00 180.00  0.782104  0.001272         -99         -99         -99         -99
  8.000  10.000  0.20  0.30 -180.00 180.00  0.751225  0.000730         -99         -99         -99         -99
 10.000  15.000  0.20  0.30 -180.00 180.00  0.719375  0.000665         -99         -99         -99         -99
 15.000  20.000  0.20  0.30 -180.00 180.00  0.674798  0.001468         -99         -99         -99         -99
 20.000 500.000  0.20  0.30 -180.00 180.00  0.499990  0.000009         -99         -99         -99         -99
  7.000   8.000  0.30  0.60 -180.00 180.00  0.865516  0.000686         -99         -99         -99         -99
  8.000  10.000  0.30  0.60 -180.00 180.00  0.867248  0.000000         -99         -99         -99         -99
 10.000  15.000  0.30  0.60 -180.00 180.00  0.858724  0.000354         -99         -99         -99         -99
 15.000  20.000  0.30  0.60 -180.00 180.00  0.908426  0.031724         -99         -99         -99         -99
 20.000 500.000  0.30  0.60 -180.00 180.00  0.703290  0.001356         -99         -99         -99         -99
  7.000   8.000  0.60  0.80 -180.00 180.00  0.850479  0.000813         -99         -99         -99         -99
  8.000  10.000  0.60  0.80 -180.00 180.00  0.810895  0.000480         -99         -99         -99         -99
 10.000  15.000  0.60  0.80 -180.00 180.00  0.844684  0.000590         -99         -99         -99         -99
 15.000  20.000  0.60  0.80 -180.00 180.00  0.870610  0.002099         -99         -99         -99         -99
 20.000 500.000  0.60  0.80 -180.00 180.00  0.751095  0.004460         -99         -99         -99         -99
  7.000   8.000  0.80  1.20 -180.00 180.00  0.808985  0.000000         -99         -99         -99         -99
  8.000  10.000  0.80  1.20 -180.00 180.00  0.814481  0.000245         -99         -99         -99         -99
 10.000  15.000  0.80  1.20 -180.00 180.00  0.788895  0.000249         -99         -99         -99         -99
 15.000  20.000  0.80  1.20 -180.00 180.00  0.758502  0.000596         -99         -99         -99         -99
 20.000 500.000  0.80  1.20 -180.00 180.00  0.764306  0.002391         -99         -99         -99         -99
  7.000   8.000  1.20  1.40 -180.00 180.00  0.825683  0.000729         -99         -99         -99         -99
  8.000  10.000  1.20  1.40 -180.00 180.00  0.778185  0.000482         -99         -99         -99         -99
 10.000  15.000  1.20  1.40 -180.00 180.00  0.865307  0.000633         -99         -99         -99         -99
 15.000  20.000  1.20  1.40 -180.00 180.00  0.909998  0.002239         -99         -99         -99         -99
 20.000 500.000  1.20  1.40 -180.00 180.00  0.794582  0.004327         -99         -99         -99         -99
  7.000   8.000  1.40  1.60 -180.00 180.00  0.811581  0.000929         -99         -99         -99         -99
  8.000  10.000  1.40  1.60 -180.00 180.00  0.786100  0.000632         -99         -99         -99         -99
 10.000  15.000  1.40  1.60 -180.00 180.00  0.729812  0.000435         -99         -99         -99         -99
 15.000  20.000  1.40  1.60 -180.00 180.00  0.691628  0.000969         -99         -99         -99         -99
 20.000 500.000  1.40  1.60 -180.00 180.00  0.700350  0.010206         -99         -99         -99         -99
  7.000   8.000  1.60  1.80 -180.00 180.00  0.656897  0.000490         -99         -99         -99         -99
  8.000  10.000  1.60  1.80 -180.00 180.00  0.709621  0.000475         -99         -99         -99         -99
 10.000  15.000  1.60  1.80 -180.00 180.00  0.700317  0.000527         -99         -99         -99         -99
 15.000  20.000  1.60  1.80 -180.00 180.00  0.702751  0.000998         -99         -99         -99         -99
 20.000 500.000  1.60  1.80 -180.00 180.00  0.473706  0.000888         -99         -99         -99         -99
  7.000   8.000  1.80  2.00 -180.00 180.00  0.887752  0.001176         -99         -99         -99         -99
  8.000  10.000  1.80  2.00 -180.00 180.00  0.799337  0.000796         -99         -99         -99         -99
 10.000  15.000  1.80  2.00 -180.00 180.00  0.841488  0.001135         -99         -99         -99         -99
 15.000  20.000  1.80  2.00 -180.00 180.00  0.823492  0.003356         -99         -99         -99         -99
 20.000 500.000  1.80  2.00 -180.00 180.00  1.000000  0.039978         -99         -99         -99         -99
  7.000   8.000  2.00  2.20 -180.00 180.00  0.873493  0.001732         -99         -99         -99         -99
  8.000  10.000  2.00  2.20 -180.00 180.00  0.884415  0.000963         -99         -99         -99         -99
 10.000  15.000  2.00  2.20 -180.00 180.00  0.903888  0.000907         -99         -99         -99         -99
 15.000  20.000  2.00  2.20 -180.00 180.00  0.901263  0.013565         -99         -99         -99         -99
 20.000 500.000  2.00  2.20 -180.00 180.00  0.771136  0.016742         -99         -99         -99         -99
  7.000   8.000  2.20  2.50 -180.00 180.00  0.780724  0.002577         -99         -99         -99         -99
  8.000  10.000  2.20  2.50 -180.00 180.00  0.924659  0.005058         -99         -99         -99         -99
 10.000  15.000  2.20  2.50 -180.00 180.00  0.816371  0.000256         -99         -99         -99         -99
 15.000  20.000  2.20  2.50 -180.00 180.00  0.857181  0.009711         -99         -99         -99         -99
 20.000 500.000  2.20  2.50 -180.00 180.00  0.333328  0.033400         -99         -99         -99         -99
