# ======================================
# Summary for ./MuonID_data_seagulls.dat
# --------------------------------------
# Number of cells:    110
# Number of pass :       -10890
# Number of total:       -10890
# -------------------------------
# min momentum:       4
# max momentum:       500
# min polar angle:    0
# max polar angle:    2.5
# -------------------------------
# min efficiency:       99
# max efficiency:       -1
# min error:            99
# max error:            -1
# -------------------------------
# <Efficiency>:       0.881544
#                 +/- 2.06802e-05
# <Delta Efficiency>: 0.000124139
# -------------------------------
  4.000   4.500  0.00  0.20 -180.00 180.00  0.659625  0.000374         -99         -99         -99         -99
  4.500   5.000  0.00  0.20 -180.00 180.00  0.766728  0.000281         -99         -99         -99         -99
  5.000   5.500  0.00  0.20 -180.00 180.00  0.777487  0.000317         -99         -99         -99         -99
  5.500   6.000  0.00  0.20 -180.00 180.00  0.891745  0.000476         -99         -99         -99         -99
  6.000   7.000  0.00  0.20 -180.00 180.00  0.837965  0.000170         -99         -99         -99         -99
  4.000   4.500  0.20  0.30 -180.00 180.00  0.349985  0.000777         -99         -99         -99         -99
  4.500   5.000  0.20  0.30 -180.00 180.00  0.506842  0.000782         -99         -99         -99         -99
  5.000   5.500  0.20  0.30 -180.00 180.00  0.738736  0.001280         -99         -99         -99         -99
  5.500   6.000  0.20  0.30 -180.00 180.00  0.697837  0.000902         -99         -99         -99         -99
  6.000   7.000  0.20  0.30 -180.00 180.00  0.708203  0.000385         -99         -99         -99         -99
  4.000   4.500  0.30  0.60 -180.00 180.00  0.693456  0.000266         -99         -99         -99         -99
  4.500   5.000  0.30  0.60 -180.00 180.00  0.834594  0.000366         -99         -99         -99         -99
  5.000   5.500  0.30  0.60 -180.00 180.00  0.844525  0.000275         -99         -99         -99         -99
  5.500   6.000  0.30  0.60 -180.00 180.00  0.863653  0.000257         -99         -99         -99         -99
  6.000   7.000  0.30  0.60 -180.00 180.00  0.842588  0.000207         -99         -99         -99         -99
  4.000   4.500  0.60  0.80 -180.00 180.00  0.676770  0.000463         -99         -99         -99         -99
  4.500   5.000  0.60  0.80 -180.00 180.00  0.804665  0.000557         -99         -99         -99         -99
  5.000   5.500  0.60  0.80 -180.00 180.00  0.814220  0.000534         -99         -99         -99         -99
  5.500   6.000  0.60  0.80 -180.00 180.00  0.863596  0.000866         -99         -99         -99         -99
  6.000   7.000  0.60  0.80 -180.00 180.00  0.872689  0.000306         -99         -99         -99         -99
  4.000   4.500  0.80  1.20 -180.00 180.00  0.706272  0.000277         -99         -99         -99         -99
  4.500   5.000  0.80  1.20 -180.00 180.00  0.770151  0.000365         -99         -99         -99         -99
  5.000   5.500  0.80  1.20 -180.00 180.00  0.787233  0.000405         -99         -99         -99         -99
  5.500   6.000  0.80  1.20 -180.00 180.00  0.813219  0.000418         -99         -99         -99         -99
  6.000   7.000  0.80  1.20 -180.00 180.00  0.798711  0.000213         -99         -99         -99         -99
  4.000   4.500  1.20  1.40 -180.00 180.00  0.785672  0.000754         -99         -99         -99         -99
  4.500   5.000  1.20  1.40 -180.00 180.00  0.758308  0.000742         -99         -99         -99         -99
  5.000   5.500  1.20  1.40 -180.00 180.00  0.826706  0.000951         -99         -99         -99         -99
  5.500   6.000  1.20  1.40 -180.00 180.00  0.836852  0.001062         -99         -99         -99         -99
  6.000   7.000  1.20  1.40 -180.00 180.00  0.883809  0.000674         -99         -99         -99         -99
  4.000   4.500  1.40  1.60 -180.00 180.00  0.760328  0.000635         -99         -99         -99         -99
  4.500   5.000  1.40  1.60 -180.00 180.00  0.774981  0.000626         -99         -99         -99         -99
  5.000   5.500  1.40  1.60 -180.00 180.00  0.782740  0.001216         -99         -99         -99         -99
  5.500   6.000  1.40  1.60 -180.00 180.00  0.802300  0.001785         -99         -99         -99         -99
  6.000   7.000  1.40  1.60 -180.00 180.00  0.866123  0.000586         -99         -99         -99         -99
  4.000   4.500  1.60  1.80 -180.00 180.00  0.794768  0.001192         -99         -99         -99         -99
  4.500   5.000  1.60  1.80 -180.00 180.00  0.767838  0.001114         -99         -99         -99         -99
  5.000   5.500  1.60  1.80 -180.00 180.00  0.732821  0.000772         -99         -99         -99         -99
  5.500   6.000  1.60  1.80 -180.00 180.00  0.814320  0.001516         -99         -99         -99         -99
  6.000   7.000  1.60  1.80 -180.00 180.00  0.794781  0.000771         -99         -99         -99         -99
  4.000   4.500  1.80  2.00 -180.00 180.00  0.842601  0.001009         -99         -99         -99         -99
  4.500   5.000  1.80  2.00 -180.00 180.00  0.813318  0.024078         -99         -99         -99         -99
  5.000   5.500  1.80  2.00 -180.00 180.00  0.848438  0.001983         -99         -99         -99         -99
  5.500   6.000  1.80  2.00 -180.00 180.00  0.758122  0.001424         -99         -99         -99         -99
  6.000   7.000  1.80  2.00 -180.00 180.00  0.840723  0.000907         -99         -99         -99         -99
  4.000   4.500  2.00  2.20 -180.00 180.00  0.804083  0.001637         -99         -99         -99         -99
  4.500   5.000  2.00  2.20 -180.00 180.00  0.853354  0.001864         -99         -99         -99         -99
  5.000   5.500  2.00  2.20 -180.00 180.00  0.949638  0.013220         -99         -99         -99         -99
  5.500   6.000  2.00  2.20 -180.00 180.00  0.897069  0.003324         -99         -99         -99         -99
  6.000   7.000  2.00  2.20 -180.00 180.00  0.920459  0.001601         -99         -99         -99         -99
  4.000   4.500  2.20  2.50 -180.00 180.00  0.966665  0.023969         -99         -99         -99         -99
  4.500   5.000  2.20  2.50 -180.00 180.00  0.912697  0.000932         -99         -99         -99         -99
  5.000   5.500  2.20  2.50 -180.00 180.00  0.916250  0.003950         -99         -99         -99         -99
  5.500   6.000  2.20  2.50 -180.00 180.00  1.000000  0.040025         -99         -99         -99         -99
  6.000   7.000  2.20  2.50 -180.00 180.00  1.000000  0.038822         -99         -99         -99         -99
  7.000   8.000  0.00  0.20 -180.00 180.00  0.837904  0.000112         -99         -99         -99         -99
  8.000  10.000  0.00  0.20 -180.00 180.00  0.895303  0.000066         -99         -99         -99         -99
 10.000  15.000  0.00  0.20 -180.00 180.00  0.908042  0.000041         -99         -99         -99         -99
 15.000  20.000  0.00  0.20 -180.00 180.00  0.852606  0.000118         -99         -99         -99         -99
 20.000 500.000  0.00  0.20 -180.00 180.00  0.864559  0.001317         -99         -99         -99         -99
  7.000   8.000  0.20  0.30 -180.00 180.00  0.814655  0.000243         -99         -99         -99         -99
  8.000  10.000  0.20  0.30 -180.00 180.00  0.719883  0.000173         -99         -99         -99         -99
 10.000  15.000  0.20  0.30 -180.00 180.00  0.817208  0.000157         -99         -99         -99         -99
 15.000  20.000  0.20  0.30 -180.00 180.00  0.731410  0.000432         -99         -99         -99         -99
 20.000 500.000  0.20  0.30 -180.00 180.00  0.644258  0.001153         -99         -99         -99         -99
  7.000   8.000  0.30  0.60 -180.00 180.00  0.884912  0.000106         -99         -99         -99         -99
  8.000  10.000  0.30  0.60 -180.00 180.00  0.897894  0.000077         -99         -99         -99         -99
 10.000  15.000  0.30  0.60 -180.00 180.00  0.930895  0.000050         -99         -99         -99         -99
 15.000  20.000  0.30  0.60 -180.00 180.00  0.894271  0.000191         -99         -99         -99         -99
 20.000 500.000  0.30  0.60 -180.00 180.00  1.000000  0.024859         -99         -99         -99         -99
  7.000   8.000  0.60  0.80 -180.00 180.00  0.890976  0.000145         -99         -99         -99         -99
  8.000  10.000  0.60  0.80 -180.00 180.00  0.923352  0.000214         -99         -99         -99         -99
 10.000  15.000  0.60  0.80 -180.00 180.00  0.891427  0.000122         -99         -99         -99         -99
 15.000  20.000  0.60  0.80 -180.00 180.00  0.914112  0.000487         -99         -99         -99         -99
 20.000 500.000  0.60  0.80 -180.00 180.00  0.927853  0.003028         -99         -99         -99         -99
  7.000   8.000  0.80  1.20 -180.00 180.00  0.844665  0.000199         -99         -99         -99         -99
  8.000  10.000  0.80  1.20 -180.00 180.00  0.843531  0.000178         -99         -99         -99         -99
 10.000  15.000  0.80  1.20 -180.00 180.00  0.855198  0.000109         -99         -99         -99         -99
 15.000  20.000  0.80  1.20 -180.00 180.00  0.808259  0.000554         -99         -99         -99         -99
 20.000 500.000  0.80  1.20 -180.00 180.00  0.888177  0.003067         -99         -99         -99         -99
  7.000   8.000  1.20  1.40 -180.00 180.00  0.908478  0.000561         -99         -99         -99         -99
  8.000  10.000  1.20  1.40 -180.00 180.00  0.943807  0.000426         -99         -99         -99         -99
 10.000  15.000  1.20  1.40 -180.00 180.00  0.889364  0.000466         -99         -99         -99         -99
 15.000  20.000  1.20  1.40 -180.00 180.00  0.880616  0.002663         -99         -99         -99         -99
 20.000 500.000  1.20  1.40 -180.00 180.00  0.910237  0.012726         -99         -99         -99         -99
  7.000   8.000  1.40  1.60 -180.00 180.00  0.868148  0.000895         -99         -99         -99         -99
  8.000  10.000  1.40  1.60 -180.00 180.00  0.893994  0.000574         -99         -99         -99         -99
 10.000  15.000  1.40  1.60 -180.00 180.00  0.888455  0.000401         -99         -99         -99         -99
 15.000  20.000  1.40  1.60 -180.00 180.00  0.909642  0.001776         -99         -99         -99         -99
 20.000 500.000  1.40  1.60 -180.00 180.00  0.673370  0.001615         -99         -99         -99         -99
  7.000   8.000  1.60  1.80 -180.00 180.00  0.792797  0.000537         -99         -99         -99         -99
  8.000  10.000  1.60  1.80 -180.00 180.00  0.856765  0.000555         -99         -99         -99         -99
 10.000  15.000  1.60  1.80 -180.00 180.00  0.760309  0.000377         -99         -99         -99         -99
 15.000  20.000  1.60  1.80 -180.00 180.00  0.836103  0.001964         -99         -99         -99         -99
 20.000 500.000  1.60  1.80 -180.00 180.00  0.663048  0.003040         -99         -99         -99         -99
  7.000   8.000  1.80  2.00 -180.00 180.00  0.882364  0.000693         -99         -99         -99         -99
  8.000  10.000  1.80  2.00 -180.00 180.00  0.886923  0.000689         -99         -99         -99         -99
 10.000  15.000  1.80  2.00 -180.00 180.00  0.898674  0.000816         -99         -99         -99         -99
 15.000  20.000  1.80  2.00 -180.00 180.00  0.947529  0.010752         -99         -99         -99         -99
 20.000 500.000  1.80  2.00 -180.00 180.00  0.624578  0.002033         -99         -99         -99         -99
  7.000   8.000  2.00  2.20 -180.00 180.00  0.909904  0.002136         -99         -99         -99         -99
  8.000  10.000  2.00  2.20 -180.00 180.00  0.868187  0.001267         -99         -99         -99         -99
 10.000  15.000  2.00  2.20 -180.00 180.00  0.857715  0.001455         -99         -99         -99         -99
 15.000  20.000  2.00  2.20 -180.00 180.00  0.647187  0.002147         -99         -99         -99         -99
 20.000 500.000  2.00  2.20 -180.00 180.00  0.738813  0.019965         -99         -99         -99         -99
  7.000   8.000  2.20  2.50 -180.00 180.00  0.999999  0.044521         -99         -99         -99         -99
  8.000  10.000  2.20  2.50 -180.00 180.00  1.000000  0.019113         -99         -99         -99         -99
 10.000  15.000  2.20  2.50 -180.00 180.00  0.832111  0.037742         -99         -99         -99         -99
 15.000  20.000  2.20  2.50 -180.00 180.00  0.954822  0.055177         -99         -99         -99         -99
 20.000 500.000  2.20  2.50 -180.00 180.00  0.696113  0.010021         -99         -99         -99         -99
