# ================================================================================
# Summary for ../macros/pidtables/111210/L1L2Efficiency_VBTF_data_all_histo_cb.dat
# --------------------------------------------------------------------------------
# Number of cells:    110
# Number of pass :       -10890
# Number of total:       -10890
# -------------------------------
# min momentum:       4
# max momentum:       999
# min polar angle:    0
# max polar angle:    2.4
# -------------------------------
# min efficiency:       99
# max efficiency:       -1
# min error:            99
# max error:            -1
# -------------------------------
# <Efficiency>:       0.894254
#                 +/- 0.000695207
# <Delta Efficiency>: 0.00550918
# -------------------------------
 4.000  4.500  0.00  0.20 -180.00 180.00  0.823883  0.011654         -99         -99         -99         -99
 4.500  5.000  0.00  0.20 -180.00 180.00  0.876623  0.011420         -99         -99         -99         -99
 5.000  5.500  0.00  0.20 -180.00 180.00  0.910667  0.011142         -99         -99         -99         -99
 5.500  6.000  0.00  0.20 -180.00 180.00  0.935170  0.010786         -99         -99         -99         -99
 6.000  7.000  0.00  0.20 -180.00 180.00  0.955457  0.007488         -99         -99         -99         -99
 4.000  4.500  0.20  0.30 -180.00 180.00  0.712375  0.027954         -99         -99         -99         -99
 4.500  5.000  0.20  0.30 -180.00 180.00  0.734513  0.025560         -99         -99         -99         -99
 5.000  5.500  0.20  0.30 -180.00 180.00  0.788060  0.023920         -99         -99         -99         -99
 5.500  6.000  0.20  0.30 -180.00 180.00  0.833992  0.025471         -99         -99         -99         -99
 6.000  7.000  0.20  0.30 -180.00 180.00  0.840796  0.019581         -99         -99         -99         -99
 4.000  4.500  0.30  0.60 -180.00 180.00  0.887222  0.007775         -99         -99         -99         -99
 4.500  5.000  0.30  0.60 -180.00 180.00  0.895057  0.008879         -99         -99         -99         -99
 5.000  5.500  0.30  0.60 -180.00 180.00  0.928926  0.007844         -99         -99         -99         -99
 5.500  6.000  0.30  0.60 -180.00 180.00  0.939525  0.008422         -99         -99         -99         -99
 6.000  7.000  0.30  0.60 -180.00 180.00  0.948164  0.006345         -99         -99         -99         -99
 4.000  4.500  0.60  0.80 -180.00 180.00  0.858000  0.011598         -99         -99         -99         -99
 4.500  5.000  0.60  0.80 -180.00 180.00  0.905152  0.010669         -99         -99         -99         -99
 5.000  5.500  0.60  0.80 -180.00 180.00  0.927727  0.010100         -99         -99         -99         -99
 5.500  6.000  0.60  0.80 -180.00 180.00  0.942609  0.010634         -99         -99         -99         -99
 6.000  7.000  0.60  0.80 -180.00 180.00  0.939213  0.008897         -99         -99         -99         -99
 4.000  4.500  0.80  1.20 -180.00 180.00  0.867441  0.007742         -99         -99         -99         -99
 4.500  5.000  0.80  1.20 -180.00 180.00  0.888051  0.007926         -99         -99         -99         -99
 5.000  5.500  0.80  1.20 -180.00 180.00  0.916485  0.007862         -99         -99         -99         -99
 5.500  6.000  0.80  1.20 -180.00 180.00  0.923698  0.008450         -99         -99         -99         -99
 6.000  7.000  0.80  1.20 -180.00 180.00  0.924779  0.006986         -99         -99         -99         -99
 4.000  4.500  1.20  1.40 -180.00 180.00  0.948743  0.007385         -99         -99         -99         -99
 4.500  5.000  1.20  1.40 -180.00 180.00  0.933962  0.009848         -99         -99         -99         -99
 5.000  5.500  1.20  1.40 -180.00 180.00  0.958406  0.009242         -99         -99         -99         -99
 5.500  6.000  1.20  1.40 -180.00 180.00  0.924883  0.014024         -99         -99         -99         -99
 6.000  7.000  1.20  1.40 -180.00 180.00  0.933036  0.010447         -99         -99         -99         -99
 4.000  4.500  1.40  1.60 -180.00 180.00  0.886507  0.011957         -99         -99         -99         -99
 4.500  5.000  1.40  1.60 -180.00 180.00  0.871753  0.014356         -99         -99         -99         -99
 5.000  5.500  1.40  1.60 -180.00 180.00  0.888889  0.015838         -99         -99         -99         -99
 5.500  6.000  1.40  1.60 -180.00 180.00  0.870423  0.019324         -99         -99         -99         -99
 6.000  7.000  1.40  1.60 -180.00 180.00  0.847584  0.016505         -99         -99         -99         -99
 4.000  4.500  1.60  1.80 -180.00 180.00  0.781443  0.019886         -99         -99         -99         -99
 4.500  5.000  1.60  1.80 -180.00 180.00  0.775561  0.022177         -99         -99         -99         -99
 5.000  5.500  1.60  1.80 -180.00 180.00  0.805369  0.024712         -99         -99         -99         -99
 5.500  6.000  1.60  1.80 -180.00 180.00  0.804348  0.028434         -99         -99         -99         -99
 6.000  7.000  1.60  1.80 -180.00 180.00  0.824675  0.023388         -99         -99         -99         -99
 4.000  4.500  1.80  2.00 -180.00 180.00  0.728111  0.022606         -99         -99         -99         -99
 4.500  5.000  1.80  2.00 -180.00 180.00  0.767296  0.025368         -99         -99         -99         -99
 5.000  5.500  1.80  2.00 -180.00 180.00  0.681275  0.031508         -99         -99         -99         -99
 5.500  6.000  1.80  2.00 -180.00 180.00  0.688525  0.037058         -99         -99         -99         -99
 6.000  7.000  1.80  2.00 -180.00 180.00  0.693617  0.032302         -99         -99         -99         -99
 4.000  4.500  2.00  2.20 -180.00 180.00  0.666667  0.028988         -99         -99         -99         -99
 4.500  5.000  2.00  2.20 -180.00 180.00  0.668367  0.036276         -99         -99         -99         -99
 5.000  5.500  2.00  2.20 -180.00 180.00  0.581818  0.041512         -99         -99         -99         -99
 5.500  6.000  2.00  2.20 -180.00 180.00  0.614035  0.050003         -99         -99         -99         -99
 6.000  7.000  2.00  2.20 -180.00 180.00  0.570470  0.043977         -99         -99         -99         -99
 4.000  4.500  2.20  2.40 -180.00 180.00  0.540881  0.042741         -99         -99         -99         -99
 4.500  5.000  2.20  2.40 -180.00 180.00  0.450000  0.049611         -99         -99         -99         -99
 5.000  5.500  2.20  2.40 -180.00 180.00  0.410526  0.055698         -99         -99         -99         -99
 5.500  6.000  2.20  2.40 -180.00 180.00  0.473684  0.074534         -99         -99         -99         -99
 6.000  7.000  2.20  2.40 -180.00 180.00  0.494624  0.057171         -99         -99         -99         -99
 7.000  8.000  0.00  0.20 -180.00 180.00  0.936246  0.003363         -99         -99         -99         -99
 8.000 10.000  0.00  0.20 -180.00 180.00  0.922767  0.003124         -99         -99         -99         -99
10.000 15.000  0.00  0.20 -180.00 180.00  0.914277  0.003487         -99         -99         -99         -99
15.000 20.000  0.00  0.20 -180.00 180.00  0.898424  0.007632         -99         -99         -99         -99
20.000 999.000  0.00  0.20 -180.00 180.00  0.863475  0.015420         -99         -99         -99         -99
 7.000  8.000  0.20  0.30 -180.00 180.00  0.834395  0.007657         -99         -99         -99         -99
 8.000 10.000  0.20  0.30 -180.00 180.00  0.832394  0.006617         -99         -99         -99         -99
10.000 15.000  0.20  0.30 -180.00 180.00  0.819536  0.007202         -99         -99         -99         -99
15.000 20.000  0.20  0.30 -180.00 180.00  0.771676  0.016759         -99         -99         -99         -99
20.000 999.000  0.20  0.30 -180.00 180.00  0.812766  0.027677         -99         -99         -99         -99
 7.000  8.000  0.30  0.60 -180.00 180.00  0.920009  0.003027         -99         -99         -99         -99
 8.000 10.000  0.30  0.60 -180.00 180.00  0.904594  0.002821         -99         -99         -99         -99
10.000 15.000  0.30  0.60 -180.00 180.00  0.883452  0.003241         -99         -99         -99         -99
15.000 20.000  0.30  0.60 -180.00 180.00  0.862859  0.007012         -99         -99         -99         -99
20.000 999.000  0.30  0.60 -180.00 180.00  0.827746  0.013485         -99         -99         -99         -99
 7.000  8.000  0.60  0.80 -180.00 180.00  0.935282  0.003447         -99         -99         -99         -99
 8.000 10.000  0.60  0.80 -180.00 180.00  0.939361  0.002880         -99         -99         -99         -99
10.000 15.000  0.60  0.80 -180.00 180.00  0.934168  0.003159         -99         -99         -99         -99
15.000 20.000  0.60  0.80 -180.00 180.00  0.923488  0.006808         -99         -99         -99         -99
20.000 999.000  0.60  0.80 -180.00 180.00  0.900840  0.013162         -99         -99         -99         -99
 7.000  8.000  0.80  1.20 -180.00 180.00  0.910073  0.002999         -99         -99         -99         -99
 8.000 10.000  0.80  1.20 -180.00 180.00  0.904777  0.002697         -99         -99         -99         -99
10.000 15.000  0.80  1.20 -180.00 180.00  0.893777  0.002975         -99         -99         -99         -99
15.000 20.000  0.80  1.20 -180.00 180.00  0.853455  0.006963         -99         -99         -99         -99
20.000 999.000  0.80  1.20 -180.00 180.00  0.824176  0.013235         -99         -99         -99         -99
 7.000  8.000  1.20  1.40 -180.00 180.00  0.899489  0.004839         -99         -99         -99         -99
 8.000 10.000  1.20  1.40 -180.00 180.00  0.878011  0.004646         -99         -99         -99         -99
10.000 15.000  1.20  1.40 -180.00 180.00  0.845233  0.005424         -99         -99         -99         -99
15.000 20.000  1.20  1.40 -180.00 180.00  0.793103  0.012231         -99         -99         -99         -99
20.000 999.000  1.20  1.40 -180.00 180.00  0.745989  0.023945         -99         -99         -99         -99
 7.000  8.000  1.40  1.60 -180.00 180.00  0.828769  0.007045         -99         -99         -99         -99
 8.000 10.000  1.40  1.60 -180.00 180.00  0.821335  0.006351         -99         -99         -99         -99
10.000 15.000  1.40  1.60 -180.00 180.00  0.766564  0.007603         -99         -99         -99         -99
15.000 20.000  1.40  1.60 -180.00 180.00  0.711111  0.017123         -99         -99         -99         -99
20.000 999.000  1.40  1.60 -180.00 180.00  0.637097  0.032654         -99         -99         -99         -99
 7.000  8.000  1.60  1.80 -180.00 180.00  0.819209  0.010008         -99         -99         -99         -99
 8.000 10.000  1.60  1.80 -180.00 180.00  0.821272  0.008732         -99         -99         -99         -99
10.000 15.000  1.60  1.80 -180.00 180.00  0.793016  0.010581         -99         -99         -99         -99
15.000 20.000  1.60  1.80 -180.00 180.00  0.717770  0.028413         -99         -99         -99         -99
20.000 999.000  1.60  1.80 -180.00 180.00  0.695652  0.062484         -99         -99         -99         -99
 7.000  8.000  1.80  2.00 -180.00 180.00  0.663233  0.013769         -99         -99         -99         -99
 8.000 10.000  1.80  2.00 -180.00 180.00  0.617486  0.012343         -99         -99         -99         -99
10.000 15.000  1.80  2.00 -180.00 180.00  0.589725  0.013663         -99         -99         -99         -99
15.000 20.000  1.80  2.00 -180.00 180.00  0.485915  0.031526         -99         -99         -99         -99
20.000 999.000  1.80  2.00 -180.00 180.00  0.536585  0.061060         -99         -99         -99         -99
 7.000  8.000  2.00  2.20 -180.00 180.00  0.527439  0.020348         -99         -99         -99         -99
 8.000 10.000  2.00  2.20 -180.00 180.00  0.431566  0.018095         -99         -99         -99         -99
10.000 15.000  2.00  2.20 -180.00 180.00  0.397833  0.020124         -99         -99         -99         -99
15.000 20.000  2.00  2.20 -180.00 180.00  0.213115  0.041242         -99         -99         -99         -99
20.000 999.000  2.00  2.20 -180.00 180.00  0.185185  0.092117         -99         -99         -99         -99
 7.000  8.000  2.20  2.40 -180.00 180.00  0.307190  0.028111         -99         -99         -99         -99
 8.000 10.000  2.20  2.40 -180.00 180.00  0.231884  0.024270         -99         -99         -99         -99
10.000 15.000  2.20  2.40 -180.00 180.00  0.263158  0.026151         -99         -99         -99         -99
15.000 20.000  2.20  2.40 -180.00 180.00  0.166667  0.063997         -99         -99         -99         -99
20.000 999.000  2.20  2.40 -180.00 180.00  0.160000  0.092143         -99         -99         -99         -99
