# ================================================================================
# Summary for ../macros/pidtables/111210/L1L2Efficiency_VBTF_datalike_mc_histo.dat
# --------------------------------------------------------------------------------
# Number of cells:    110
# Number of pass :       -21780
# Number of total:       -21780
# -------------------------------
# min momentum:       4
# max momentum:       999
# min polar angle:    0
# max polar angle:    2.4
# -------------------------------
# min efficiency:       0
# max efficiency:       1
# min error:            0.00135508
# max error:            0.417987
# -------------------------------
# <Efficiency>:       0.952905
#                 +/- 0.000526197
# <Delta Efficiency>: 0.0044721
# -------------------------------
 4.000  4.500  0.00  0.20 -180.00 180.00  0.898332  0.004934        -198         140        -198         140
 4.500  5.000  0.00  0.20 -180.00 180.00  0.936638  0.004281        -198         140        -198         140
 5.000  5.500  0.00  0.20 -180.00 180.00  0.951946  0.004204        -198         140        -198         140
 5.500  6.000  0.00  0.20 -180.00 180.00  0.971962  0.003642        -198         140        -198         140
 6.000  7.000  0.00  0.20 -180.00 180.00  0.979580  0.002584        -198         140        -198         140
 4.000  4.500  0.20  0.30 -180.00 180.00  0.854812  0.011405        -198         140        -198         140
 4.500  5.000  0.20  0.30 -180.00 180.00  0.840934  0.010932        -198         140        -198         140
 5.000  5.500  0.20  0.30 -180.00 180.00  0.860392  0.010227        -198         140        -198         140
 5.500  6.000  0.20  0.30 -180.00 180.00  0.877459  0.010586        -198         140        -198         140
 6.000  7.000  0.20  0.30 -180.00 180.00  0.916837  0.007525        -198         140        -198         140
 4.000  4.500  0.30  0.60 -180.00 180.00  0.926079  0.003401        -198         140        -198         140
 4.500  5.000  0.30  0.60 -180.00 180.00  0.948068  0.003190        -198         140        -198         140
 5.000  5.500  0.30  0.60 -180.00 180.00  0.961409  0.003025        -198         140        -198         140
 5.500  6.000  0.30  0.60 -180.00 180.00  0.963496  0.003283        -198         140        -198         140
 6.000  7.000  0.30  0.60 -180.00 180.00  0.976455  0.002213        -198         140        -198         140
 4.000  4.500  0.60  0.80 -180.00 180.00  0.884243  0.005517        -198         140        -198         140
 4.500  5.000  0.60  0.80 -180.00 180.00  0.931405  0.004634        -198         140        -198         140
 5.000  5.500  0.60  0.80 -180.00 180.00  0.950309  0.004290        -198         140        -198         140
 5.500  6.000  0.60  0.80 -180.00 180.00  0.970001  0.003883        -198         140        -198         140
 6.000  7.000  0.60  0.80 -180.00 180.00  0.970163  0.003149        -198         140        -198         140
 4.000  4.500  0.80  1.20 -180.00 180.00  0.817759  0.004657        -198         140        -198         140
 4.500  5.000  0.80  1.20 -180.00 180.00  0.909827  0.003664        -198         140        -198         140
 5.000  5.500  0.80  1.20 -180.00 180.00  0.938757  0.003429        -198         140        -198         140
 5.500  6.000  0.80  1.20 -180.00 180.00  0.951404  0.003454        -198         140        -198         140
 6.000  7.000  0.80  1.20 -180.00 180.00  0.960524  0.002584        -198         140        -198         140
 4.000  4.500  1.20  1.40 -180.00 180.00  0.906347  0.004727        -198         140        -198         140
 4.500  5.000  1.20  1.40 -180.00 180.00  0.932624  0.004815        -198         140        -198         140
 5.000  5.500  1.20  1.40 -180.00 180.00  0.941831  0.005126        -198         140        -198         140
 5.500  6.000  1.20  1.40 -180.00 180.00  0.945395  0.005467        -198         140        -198         140
 6.000  7.000  1.20  1.40 -180.00 180.00  0.946216  0.004479        -198         140        -198         140
 4.000  4.500  1.40  1.60 -180.00 180.00  0.919386  0.004916        -198         140        -198         140
 4.500  5.000  1.40  1.60 -180.00 180.00  0.945243  0.004624        -198         140        -198         140
 5.000  5.500  1.40  1.60 -180.00 180.00  0.941481  0.005444        -198         140        -198         140
 5.500  6.000  1.40  1.60 -180.00 180.00  0.954229  0.005497        -198         140        -198         140
 6.000  7.000  1.40  1.60 -180.00 180.00  0.947658  0.004779        -198         140        -198         140
 4.000  4.500  1.60  1.80 -180.00 180.00  0.789455  0.008227        -198         140        -198         140
 4.500  5.000  1.60  1.80 -180.00 180.00  0.854597  0.008213        -198         140        -198         140
 5.000  5.500  1.60  1.80 -180.00 180.00  0.879755  0.008647        -198         140        -198         140
 5.500  6.000  1.60  1.80 -180.00 180.00  0.913055  0.008387        -198         140        -198         140
 6.000  7.000  1.60  1.80 -180.00 180.00  0.912514  0.007033        -198         140        -198         140
 4.000  4.500  1.80  2.00 -180.00 180.00  0.835866  0.007668        -198         140        -198         140
 4.500  5.000  1.80  2.00 -180.00 180.00  0.886768  0.007436        -198         140        -198         140
 5.000  5.500  1.80  2.00 -180.00 180.00  0.883675  0.008587        -198         140        -198         140
 5.500  6.000  1.80  2.00 -180.00 180.00  0.904340  0.008944        -198         140        -198         140
 6.000  7.000  1.80  2.00 -180.00 180.00  0.898327  0.007620        -198         140        -198         140
 4.000  4.500  2.00  2.20 -180.00 180.00  0.827973  0.009303        -198         140        -198         140
 4.500  5.000  2.00  2.20 -180.00 180.00  0.833899  0.010477        -198         140        -198         140
 5.000  5.500  2.00  2.20 -180.00 180.00  0.836431  0.012104        -198         140        -198         140
 5.500  6.000  2.00  2.20 -180.00 180.00  0.827177  0.014446        -198         140        -198         140
 6.000  7.000  2.00  2.20 -180.00 180.00  0.826633  0.012032        -198         140        -198         140
 4.000  4.500  2.20  2.40 -180.00 180.00  0.739431  0.014106        -198         140        -198         140
 4.500  5.000  2.20  2.40 -180.00 180.00  0.725352  0.016656        -198         140        -198         140
 5.000  5.500  2.20  2.40 -180.00 180.00  0.733494  0.018291        -198         140        -198         140
 5.500  6.000  2.20  2.40 -180.00 180.00  0.719601  0.023074        -198         140        -198         140
 6.000  7.000  2.20  2.40 -180.00 180.00  0.684114  0.019123        -198         140        -198         140
 7.000  8.000  0.00  0.20 -180.00 180.00  0.990348  0.004063        -198         140        -198         140
 8.000 10.000  0.00  0.20 -180.00 180.00  0.987855  0.003848        -198         140        -198         140
10.000 15.000  0.00  0.20 -180.00 180.00  0.985689  0.004207        -198         140        -198         140
15.000 20.000  0.00  0.20 -180.00 180.00  0.996483  0.005692        -198         140        -198         140
20.000 999.000  0.00  0.20 -180.00 180.00  1.000000  0.014465        -198         140        -198         140
 7.000  8.000  0.20  0.30 -180.00 180.00  0.934253  0.014472        -198         140        -198         140
 8.000 10.000  0.20  0.30 -180.00 180.00  0.945948  0.010725        -198         140        -198         140
10.000 15.000  0.20  0.30 -180.00 180.00  0.951724  0.011028        -198         140        -198         140
15.000 20.000  0.20  0.30 -180.00 180.00  0.894308  0.033435        -198         140        -198         140
20.000 999.000  0.20  0.30 -180.00 180.00  0.903749  0.066008        -198         140        -198         140
 7.000  8.000  0.30  0.60 -180.00 180.00  0.984105  0.004035        -198         140        -198         140
 8.000 10.000  0.30  0.60 -180.00 180.00  0.994374  0.002118        -198         140        -198         140
10.000 15.000  0.30  0.60 -180.00 180.00  0.994782  0.002142        -198         140        -198         140
15.000 20.000  0.30  0.60 -180.00 180.00  0.975124  0.008881        -198         140        -198         140
20.000 999.000  0.30  0.60 -180.00 180.00  0.948840  0.024158        -198         140        -198         140
 7.000  8.000  0.60  0.80 -180.00 180.00  0.974272  0.006462        -198         140        -198         140
 8.000 10.000  0.60  0.80 -180.00 180.00  0.980581  0.004886        -198         140        -198         140
10.000 15.000  0.60  0.80 -180.00 180.00  0.981425  0.004903        -198         140        -198         140
15.000 20.000  0.60  0.80 -180.00 180.00  0.996810  0.006617        -198         140        -198         140
20.000 999.000  0.60  0.80 -180.00 180.00  0.945700  0.033307        -198         140        -198         140
 7.000  8.000  0.80  1.20 -180.00 180.00  0.964642  0.005251        -198         140        -198         140
 8.000 10.000  0.80  1.20 -180.00 180.00  0.968127  0.004360        -198         140        -198         140
10.000 15.000  0.80  1.20 -180.00 180.00  0.968574  0.004557        -198         140        -198         140
15.000 20.000  0.80  1.20 -180.00 180.00  0.967509  0.009726        -198         140        -198         140
20.000 999.000  0.80  1.20 -180.00 180.00  0.993267  0.011146        -198         140        -198         140
 7.000  8.000  1.20  1.40 -180.00 180.00  0.944467  0.009844        -198         140        -198         140
 8.000 10.000  1.20  1.40 -180.00 180.00  0.965606  0.006732        -198         140        -198         140
10.000 15.000  1.20  1.40 -180.00 180.00  0.989763  0.004211        -198         140        -198         140
15.000 20.000  1.20  1.40 -180.00 180.00  0.969917  0.014154        -198         140        -198         140
20.000 999.000  1.20  1.40 -180.00 180.00  0.940987  0.038374        -198         140        -198         140
 7.000  8.000  1.40  1.60 -180.00 180.00  0.918291  0.013037        -198         140        -198         140
 8.000 10.000  1.40  1.60 -180.00 180.00  0.961169  0.007474        -198         140        -198         140
10.000 15.000  1.40  1.60 -180.00 180.00  0.964097  0.007524        -198         140        -198         140
15.000 20.000  1.40  1.60 -180.00 180.00  0.965149  0.014766        -198         140        -198         140
20.000 999.000  1.40  1.60 -180.00 180.00  0.994188  0.022396        -198         140        -198         140
 7.000  8.000  1.60  1.80 -180.00 180.00  0.921578  0.013983        -198         140        -198         140
 8.000 10.000  1.60  1.80 -180.00 180.00  0.945822  0.010582        -198         140        -198         140
10.000 15.000  1.60  1.80 -180.00 180.00  0.955792  0.010256        -198         140        -198         140
15.000 20.000  1.60  1.80 -180.00 180.00  0.900399  0.031778        -198         140        -198         140
20.000 999.000  1.60  1.80 -180.00 180.00  0.861077  0.071574        -198         140        -198         140
 7.000  8.000  1.80  2.00 -180.00 180.00  0.931297  0.013931        -198         140        -198         140
 8.000 10.000  1.80  2.00 -180.00 180.00  0.880043  0.015525        -198         140        -198         140
10.000 15.000  1.80  2.00 -180.00 180.00  0.843746  0.019190        -198         140        -198         140
15.000 20.000  1.80  2.00 -180.00 180.00  0.849804  0.039360        -198         140        -198         140
20.000 999.000  1.80  2.00 -180.00 180.00  0.719966  0.113020        -198         140        -198         140
 7.000  8.000  2.00  2.20 -180.00 180.00  0.740355  0.030902        -198         140        -198         140
 8.000 10.000  2.00  2.20 -180.00 180.00  0.664178  0.027584        -198         140        -198         140
10.000 15.000  2.00  2.20 -180.00 180.00  0.649672  0.028361        -198         140        -198         140
15.000 20.000  2.00  2.20 -180.00 180.00  0.540726  0.068374        -198         140        -198         140
20.000 999.000  2.00  2.20 -180.00 180.00  0.764357  0.190140        -198         140        -198         140
 7.000  8.000  2.20  2.40 -180.00 180.00  0.476450  0.055588        -198         140        -198         140
 8.000 10.000  2.20  2.40 -180.00 180.00  0.509993  0.051231        -198         140        -198         140
10.000 15.000  2.20  2.40 -180.00 180.00  0.507220  0.045307        -198         140        -198         140
15.000 20.000  2.20  2.40 -180.00 180.00  0.456054  0.083245        -198         140        -198         140
20.000 999.000  2.20  2.40 -180.00 180.00  0.569504  0.156120        -198         140        -198         140
