# ================================================================================
# Summary for ../macros/pidtables/111210/L1L2Efficiency_VBTF_data_all_histo_sg.dat
# --------------------------------------------------------------------------------
# Number of cells:    110
# Number of pass :       -10890
# Number of total:       -10890
# -------------------------------
# min momentum:       4
# max momentum:       999
# min polar angle:    0
# max polar angle:    2.4
# -------------------------------
# min efficiency:       99
# max efficiency:       -1
# min error:            99
# max error:            -1
# -------------------------------
# <Efficiency>:       0.957994
#                 +/- 0.000414009
# <Delta Efficiency>: 0.00326677
# -------------------------------
 4.000  4.500  0.00  0.20 -180.00 180.00  0.823478  0.011738         -99         -99         -99         -99
 4.500  5.000  0.00  0.20 -180.00 180.00  0.886640  0.010648         -99         -99         -99         -99
 5.000  5.500  0.00  0.20 -180.00 180.00  0.932039  0.010124         -99         -99         -99         -99
 5.500  6.000  0.00  0.20 -180.00 180.00  0.955023  0.008832         -99         -99         -99         -99
 6.000  7.000  0.00  0.20 -180.00 180.00  0.977155  0.005375         -99         -99         -99         -99
 4.000  4.500  0.20  0.30 -180.00 180.00  0.740072  0.028260         -99         -99         -99         -99
 4.500  5.000  0.20  0.30 -180.00 180.00  0.761518  0.023638         -99         -99         -99         -99
 5.000  5.500  0.20  0.30 -180.00 180.00  0.821023  0.021947         -99         -99         -99         -99
 5.500  6.000  0.20  0.30 -180.00 180.00  0.837037  0.024429         -99         -99         -99         -99
 6.000  7.000  0.20  0.30 -180.00 180.00  0.893462  0.016476         -99         -99         -99         -99
 4.000  4.500  0.30  0.60 -180.00 180.00  0.887557  0.007875         -99         -99         -99         -99
 4.500  5.000  0.30  0.60 -180.00 180.00  0.910714  0.008195         -99         -99         -99         -99
 5.000  5.500  0.30  0.60 -180.00 180.00  0.935569  0.007779         -99         -99         -99         -99
 5.500  6.000  0.30  0.60 -180.00 180.00  0.965784  0.006636         -99         -99         -99         -99
 6.000  7.000  0.30  0.60 -180.00 180.00  0.972841  0.004668         -99         -99         -99         -99
 4.000  4.500  0.60  0.80 -180.00 180.00  0.852883  0.011725         -99         -99         -99         -99
 4.500  5.000  0.60  0.80 -180.00 180.00  0.931442  0.009332         -99         -99         -99         -99
 5.000  5.500  0.60  0.80 -180.00 180.00  0.954082  0.008164         -99         -99         -99         -99
 5.500  6.000  0.60  0.80 -180.00 180.00  0.972039  0.007569         -99         -99         -99         -99
 6.000  7.000  0.60  0.80 -180.00 180.00  0.966121  0.006814         -99         -99         -99         -99
 4.000  4.500  0.80  1.20 -180.00 180.00  0.852434  0.008284         -99         -99         -99         -99
 4.500  5.000  0.80  1.20 -180.00 180.00  0.913069  0.007186         -99         -99         -99         -99
 5.000  5.500  0.80  1.20 -180.00 180.00  0.924177  0.007479         -99         -99         -99         -99
 5.500  6.000  0.80  1.20 -180.00 180.00  0.938904  0.007672         -99         -99         -99         -99
 6.000  7.000  0.80  1.20 -180.00 180.00  0.952941  0.005775         -99         -99         -99         -99
 4.000  4.500  1.20  1.40 -180.00 180.00  0.950195  0.007330         -99         -99         -99         -99
 4.500  5.000  1.20  1.40 -180.00 180.00  0.964029  0.007095         -99         -99         -99         -99
 5.000  5.500  1.20  1.40 -180.00 180.00  0.966019  0.008157         -99         -99         -99         -99
 5.500  6.000  1.20  1.40 -180.00 180.00  0.976654  0.007704         -99         -99         -99         -99
 6.000  7.000  1.20  1.40 -180.00 180.00  0.965565  0.007509         -99         -99         -99         -99
 4.000  4.500  1.40  1.60 -180.00 180.00  0.965551  0.006255         -99         -99         -99         -99
 4.500  5.000  1.40  1.60 -180.00 180.00  0.971467  0.006868         -99         -99         -99         -99
 5.000  5.500  1.40  1.60 -180.00 180.00  0.979275  0.006849         -99         -99         -99         -99
 5.500  6.000  1.40  1.60 -180.00 180.00  0.970356  0.008598         -99         -99         -99         -99
 6.000  7.000  1.40  1.60 -180.00 180.00  0.961240  0.008433         -99         -99         -99         -99
 4.000  4.500  1.60  1.80 -180.00 180.00  0.890259  0.011653         -99         -99         -99         -99
 4.500  5.000  1.60  1.80 -180.00 180.00  0.925125  0.011633         -99         -99         -99         -99
 5.000  5.500  1.60  1.80 -180.00 180.00  0.935417  0.012334         -99         -99         -99         -99
 5.500  6.000  1.60  1.80 -180.00 180.00  0.944444  0.013550         -99         -99         -99         -99
 6.000  7.000  1.60  1.80 -180.00 180.00  0.941288  0.011246         -99         -99         -99         -99
 4.000  4.500  1.80  2.00 -180.00 180.00  0.932271  0.009878         -99         -99         -99         -99
 4.500  5.000  1.80  2.00 -180.00 180.00  0.940678  0.010637         -99         -99         -99         -99
 5.000  5.500  1.80  2.00 -180.00 180.00  0.950644  0.011181         -99         -99         -99         -99
 5.500  6.000  1.80  2.00 -180.00 180.00  0.948171  0.013860         -99         -99         -99         -99
 6.000  7.000  1.80  2.00 -180.00 180.00  0.946581  0.011537         -99         -99         -99         -99
 4.000  4.500  2.00  2.20 -180.00 180.00  0.895277  0.014979         -99         -99         -99         -99
 4.500  5.000  2.00  2.20 -180.00 180.00  0.875000  0.018474         -99         -99         -99         -99
 5.000  5.500  2.00  2.20 -180.00 180.00  0.910653  0.018538         -99         -99         -99         -99
 5.500  6.000  2.00  2.20 -180.00 180.00  0.892019  0.023723         -99         -99         -99         -99
 6.000  7.000  2.00  2.20 -180.00 180.00  0.905229  0.018473         -99         -99         -99         -99
 4.000  4.500  2.20  2.40 -180.00 180.00  0.871886  0.021816         -99         -99         -99         -99
 4.500  5.000  2.20  2.40 -180.00 180.00  0.834862  0.027545         -99         -99         -99         -99
 5.000  5.500  2.20  2.40 -180.00 180.00  0.836257  0.031325         -99         -99         -99         -99
 5.500  6.000  2.20  2.40 -180.00 180.00  0.774775  0.044205         -99         -99         -99         -99
 6.000  7.000  2.20  2.40 -180.00 180.00  0.795322  0.033874         -99         -99         -99         -99
 7.000  8.000  0.00  0.20 -180.00 180.00  0.972642  0.002210         -99         -99         -99         -99
 8.000 10.000  0.00  0.20 -180.00 180.00  0.969460  0.001991         -99         -99         -99         -99
10.000 15.000  0.00  0.20 -180.00 180.00  0.966472  0.002080         -99         -99         -99         -99
15.000 20.000  0.00  0.20 -180.00 180.00  0.952657  0.004739         -99         -99         -99         -99
20.000 999.000  0.00  0.20 -180.00 180.00  0.930233  0.010164         -99         -99         -99         -99
 7.000  8.000  0.20  0.30 -180.00 180.00  0.900483  0.005987         -99         -99         -99         -99
 8.000 10.000  0.20  0.30 -180.00 180.00  0.914760  0.004770         -99         -99         -99         -99
10.000 15.000  0.20  0.30 -180.00 180.00  0.901816  0.005183         -99         -99         -99         -99
15.000 20.000  0.20  0.30 -180.00 180.00  0.883629  0.010619         -99         -99         -99         -99
20.000 999.000  0.20  0.30 -180.00 180.00  0.860000  0.021797         -99         -99         -99         -99
 7.000  8.000  0.30  0.60 -180.00 180.00  0.973648  0.001794         -99         -99         -99         -99
 8.000 10.000  0.30  0.60 -180.00 180.00  0.971823  0.001545         -99         -99         -99         -99
10.000 15.000  0.30  0.60 -180.00 180.00  0.966330  0.001713         -99         -99         -99         -99
15.000 20.000  0.30  0.60 -180.00 180.00  0.954261  0.003876         -99         -99         -99         -99
20.000 999.000  0.30  0.60 -180.00 180.00  0.942652  0.007451         -99         -99         -99         -99
 7.000  8.000  0.60  0.80 -180.00 180.00  0.973998  0.002226         -99         -99         -99         -99
 8.000 10.000  0.60  0.80 -180.00 180.00  0.975395  0.001823         -99         -99         -99         -99
10.000 15.000  0.60  0.80 -180.00 180.00  0.973960  0.001913         -99         -99         -99         -99
15.000 20.000  0.60  0.80 -180.00 180.00  0.963575  0.004398         -99         -99         -99         -99
20.000 999.000  0.60  0.80 -180.00 180.00  0.956224  0.008305         -99         -99         -99         -99
 7.000  8.000  0.80  1.20 -180.00 180.00  0.959142  0.002015         -99         -99         -99         -99
 8.000 10.000  0.80  1.20 -180.00 180.00  0.960648  0.001684         -99         -99         -99         -99
10.000 15.000  0.80  1.20 -180.00 180.00  0.955898  0.001813         -99         -99         -99         -99
15.000 20.000  0.80  1.20 -180.00 180.00  0.930727  0.004268         -99         -99         -99         -99
20.000 999.000  0.80  1.20 -180.00 180.00  0.936960  0.007617         -99         -99         -99         -99
 7.000  8.000  1.20  1.40 -180.00 180.00  0.963521  0.002853         -99         -99         -99         -99
 8.000 10.000  1.20  1.40 -180.00 180.00  0.963010  0.002471         -99         -99         -99         -99
10.000 15.000  1.20  1.40 -180.00 180.00  0.951763  0.002863         -99         -99         -99         -99
15.000 20.000  1.20  1.40 -180.00 180.00  0.951279  0.005650         -99         -99         -99         -99
20.000 999.000  1.20  1.40 -180.00 180.00  0.934028  0.011277         -99         -99         -99         -99
 7.000  8.000  1.40  1.60 -180.00 180.00  0.972787  0.002637         -99         -99         -99         -99
 8.000 10.000  1.40  1.60 -180.00 180.00  0.968177  0.002409         -99         -99         -99         -99
10.000 15.000  1.40  1.60 -180.00 180.00  0.963773  0.002641         -99         -99         -99         -99
15.000 20.000  1.40  1.60 -180.00 180.00  0.945263  0.006413         -99         -99         -99         -99
20.000 999.000  1.40  1.60 -180.00 180.00  0.907843  0.013862         -99         -99         -99         -99
 7.000  8.000  1.60  1.80 -180.00 180.00  0.946286  0.003976         -99         -99         -99         -99
 8.000 10.000  1.60  1.80 -180.00 180.00  0.942230  0.003533         -99         -99         -99         -99
10.000 15.000  1.60  1.80 -180.00 180.00  0.937219  0.003772         -99         -99         -99         -99
15.000 20.000  1.60  1.80 -180.00 180.00  0.912584  0.009285         -99         -99         -99         -99
20.000 999.000  1.60  1.80 -180.00 180.00  0.910256  0.017878         -99         -99         -99         -99
 7.000  8.000  1.80  2.00 -180.00 180.00  0.926944  0.004959         -99         -99         -99         -99
 8.000 10.000  1.80  2.00 -180.00 180.00  0.918919  0.004447         -99         -99         -99         -99
10.000 15.000  1.80  2.00 -180.00 180.00  0.885614  0.005398         -99         -99         -99         -99
15.000 20.000  1.80  2.00 -180.00 180.00  0.819083  0.014241         -99         -99         -99         -99
20.000 999.000  1.80  2.00 -180.00 180.00  0.765957  0.029849         -99         -99         -99         -99
 7.000  8.000  2.00  2.20 -180.00 180.00  0.838818  0.009010         -99         -99         -99         -99
 8.000 10.000  2.00  2.20 -180.00 180.00  0.809921  0.008263         -99         -99         -99         -99
10.000 15.000  2.00  2.20 -180.00 180.00  0.772770  0.009414         -99         -99         -99         -99
15.000 20.000  2.00  2.20 -180.00 180.00  0.697286  0.022132         -99         -99         -99         -99
20.000 999.000  2.00  2.20 -180.00 180.00  0.579832  0.049478         -99         -99         -99         -99
 7.000  8.000  2.20  2.40 -180.00 180.00  0.731563  0.017841         -99         -99         -99         -99
 8.000 10.000  2.20  2.40 -180.00 180.00  0.676700  0.016254         -99         -99         -99         -99
10.000 15.000  2.20  2.40 -180.00 180.00  0.614322  0.017966         -99         -99         -99         -99
15.000 20.000  2.20  2.40 -180.00 180.00  0.617647  0.036573         -99         -99         -99         -99
20.000 999.000  2.20  2.40 -180.00 180.00  0.333333  0.080796         -99         -99         -99         -99
