# ===================================================================================
# Summary for ../macros/pidtables/111210/L1L2Efficiency_VBTF_datalike_mc_histo_sg.dat
# -----------------------------------------------------------------------------------
# Number of cells:    110
# Number of pass :       -10890
# Number of total:       -10890
# -------------------------------
# min momentum:       4
# max momentum:       999
# min polar angle:    0
# max polar angle:    2.4
# -------------------------------
# min efficiency:       99
# max efficiency:       -1
# min error:            99
# max error:            -1
# -------------------------------
# <Efficiency>:       0.965916
#                 +/- 0.000629947
# <Delta Efficiency>: 0.0053607
# -------------------------------
 4.000  4.500  0.00  0.20 -180.00 180.00  0.902913  0.006803         -99         -99         -99         -99
 4.500  5.000  0.00  0.20 -180.00 180.00  0.948533  0.005506         -99         -99         -99         -99
 5.000  5.500  0.00  0.20 -180.00 180.00  0.949129  0.006185         -99         -99         -99         -99
 5.500  6.000  0.00  0.20 -180.00 180.00  0.970897  0.005218         -99         -99         -99         -99
 6.000  7.000  0.00  0.20 -180.00 180.00  0.984573  0.003192         -99         -99         -99         -99
 4.000  4.500  0.20  0.30 -180.00 180.00  0.827652  0.017466         -99         -99         -99         -99
 4.500  5.000  0.20  0.30 -180.00 180.00  0.843750  0.015209         -99         -99         -99         -99
 5.000  5.500  0.20  0.30 -180.00 180.00  0.865269  0.014030         -99         -99         -99         -99
 5.500  6.000  0.20  0.30 -180.00 180.00  0.883721  0.014527         -99         -99         -99         -99
 6.000  7.000  0.20  0.30 -180.00 180.00  0.928571  0.009987         -99         -99         -99         -99
 4.000  4.500  0.30  0.60 -180.00 180.00  0.927906  0.004741         -99         -99         -99         -99
 4.500  5.000  0.30  0.60 -180.00 180.00  0.952647  0.004312         -99         -99         -99         -99
 5.000  5.500  0.30  0.60 -180.00 180.00  0.960921  0.004280         -99         -99         -99         -99
 5.500  6.000  0.30  0.60 -180.00 180.00  0.966833  0.004514         -99         -99         -99         -99
 6.000  7.000  0.30  0.60 -180.00 180.00  0.980999  0.002840         -99         -99         -99         -99
 4.000  4.500  0.60  0.80 -180.00 180.00  0.881045  0.007953         -99         -99         -99         -99
 4.500  5.000  0.60  0.80 -180.00 180.00  0.932039  0.006540         -99         -99         -99         -99
 5.000  5.500  0.60  0.80 -180.00 180.00  0.950137  0.006066         -99         -99         -99         -99
 5.500  6.000  0.60  0.80 -180.00 180.00  0.973090  0.005238         -99         -99         -99         -99
 6.000  7.000  0.60  0.80 -180.00 180.00  0.976595  0.003976         -99         -99         -99         -99
 4.000  4.500  0.80  1.20 -180.00 180.00  0.809604  0.006756         -99         -99         -99         -99
 4.500  5.000  0.80  1.20 -180.00 180.00  0.915677  0.005028         -99         -99         -99         -99
 5.000  5.500  0.80  1.20 -180.00 180.00  0.944083  0.004714         -99         -99         -99         -99
 5.500  6.000  0.80  1.20 -180.00 180.00  0.960891  0.004387         -99         -99         -99         -99
 6.000  7.000  0.80  1.20 -180.00 180.00  0.969481  0.003281         -99         -99         -99         -99
 4.000  4.500  1.20  1.40 -180.00 180.00  0.915794  0.006329         -99         -99         -99         -99
 4.500  5.000  1.20  1.40 -180.00 180.00  0.943871  0.006204         -99         -99         -99         -99
 5.000  5.500  1.20  1.40 -180.00 180.00  0.954695  0.006419         -99         -99         -99         -99
 5.500  6.000  1.20  1.40 -180.00 180.00  0.950098  0.007344         -99         -99         -99         -99
 6.000  7.000  1.20  1.40 -180.00 180.00  0.960630  0.005342         -99         -99         -99         -99
 4.000  4.500  1.40  1.60 -180.00 180.00  0.941854  0.005788         -99         -99         -99         -99
 4.500  5.000  1.40  1.60 -180.00 180.00  0.963309  0.005221         -99         -99         -99         -99
 5.000  5.500  1.40  1.60 -180.00 180.00  0.963899  0.006094         -99         -99         -99         -99
 5.500  6.000  1.40  1.60 -180.00 180.00  0.971942  0.006138         -99         -99         -99         -99
 6.000  7.000  1.40  1.60 -180.00 180.00  0.965967  0.005274         -99         -99         -99         -99
 4.000  4.500  1.60  1.80 -180.00 180.00  0.826752  0.009922         -99         -99         -99         -99
 4.500  5.000  1.60  1.80 -180.00 180.00  0.884863  0.009510         -99         -99         -99         -99
 5.000  5.500  1.60  1.80 -180.00 180.00  0.904124  0.010023         -99         -99         -99         -99
 5.500  6.000  1.60  1.80 -180.00 180.00  0.937500  0.009337         -99         -99         -99         -99
 6.000  7.000  1.60  1.80 -180.00 180.00  0.940410  0.007734         -99         -99         -99         -99
 4.000  4.500  1.80  2.00 -180.00 180.00  0.884377  0.008780         -99         -99         -99         -99
 4.500  5.000  1.80  2.00 -180.00 180.00  0.926053  0.008149         -99         -99         -99         -99
 5.000  5.500  1.80  2.00 -180.00 180.00  0.925307  0.009388         -99         -99         -99         -99
 5.500  6.000  1.80  2.00 -180.00 180.00  0.942029  0.009679         -99         -99         -99         -99
 6.000  7.000  1.80  2.00 -180.00 180.00  0.938008  0.008243         -99         -99         -99         -99
 4.000  4.500  2.00  2.20 -180.00 180.00  0.882638  0.010564         -99         -99         -99         -99
 4.500  5.000  2.00  2.20 -180.00 180.00  0.882915  0.011772         -99         -99         -99         -99
 5.000  5.500  2.00  2.20 -180.00 180.00  0.893688  0.013463         -99         -99         -99         -99
 5.500  6.000  2.00  2.20 -180.00 180.00  0.883621  0.016045         -99         -99         -99         -99
 6.000  7.000  2.00  2.20 -180.00 180.00  0.889236  0.013245         -99         -99         -99         -99
 4.000  4.500  2.20  2.40 -180.00 180.00  0.815700  0.016951         -99         -99         -99         -99
 4.500  5.000  2.20  2.40 -180.00 180.00  0.792453  0.019706         -99         -99         -99         -99
 5.000  5.500  2.20  2.40 -180.00 180.00  0.836735  0.021509         -99         -99         -99         -99
 5.500  6.000  2.20  2.40 -180.00 180.00  0.809129  0.027491         -99         -99         -99         -99
 6.000  7.000  2.20  2.40 -180.00 180.00  0.780161  0.022880         -99         -99         -99         -99
 7.000  8.000  0.00  0.20 -180.00 180.00  0.995546  0.004379         -99         -99         -99         -99
 8.000 10.000  0.00  0.20 -180.00 180.00  0.993300  0.004254         -99         -99         -99         -99
10.000 15.000  0.00  0.20 -180.00 180.00  0.991625  0.004641         -99         -99         -99         -99
15.000 20.000  0.00  0.20 -180.00 180.00  1.000000  0.005819         -99         -99         -99         -99
20.000 999.000  0.00  0.20 -180.00 180.00  1.000000  0.018522         -99         -99         -99         -99
 7.000  8.000  0.20  0.30 -180.00 180.00  0.948718  0.018502         -99         -99         -99         -99
 8.000 10.000  0.20  0.30 -180.00 180.00  0.967532  0.011831         -99         -99         -99         -99
10.000 15.000  0.20  0.30 -180.00 180.00  0.967626  0.012533         -99         -99         -99         -99
15.000 20.000  0.20  0.30 -180.00 180.00  0.888889  0.041200         -99         -99         -99         -99
20.000 999.000  0.20  0.30 -180.00 180.00  0.941176  0.085971         -99         -99         -99         -99
 7.000  8.000  0.30  0.60 -180.00 180.00  0.992038  0.004413         -99         -99         -99         -99
 8.000 10.000  0.30  0.60 -180.00 180.00  0.997788  0.002179         -99         -99         -99         -99
10.000 15.000  0.30  0.60 -180.00 180.00  0.997790  0.002177         -99         -99         -99         -99
15.000 20.000  0.30  0.60 -180.00 180.00  0.987448  0.009483         -99         -99         -99         -99
20.000 999.000  0.30  0.60 -180.00 180.00  0.964286  0.026565         -99         -99         -99         -99
 7.000  8.000  0.60  0.80 -180.00 180.00  0.983412  0.007494         -99         -99         -99         -99
 8.000 10.000  0.60  0.80 -180.00 180.00  0.988971  0.005474         -99         -99         -99         -99
10.000 15.000  0.60  0.80 -180.00 180.00  0.989091  0.005414         -99         -99         -99         -99
15.000 20.000  0.60  0.80 -180.00 180.00  1.000000  0.006804         -99         -99         -99         -99
20.000 999.000  0.60  0.80 -180.00 180.00  0.962264  0.036127         -99         -99         -99         -99
 7.000  8.000  0.80  1.20 -180.00 180.00  0.974074  0.006248         -99         -99         -99         -99
 8.000 10.000  0.80  1.20 -180.00 180.00  0.978495  0.005063         -99         -99         -99         -99
10.000 15.000  0.80  1.20 -180.00 180.00  0.980229  0.005052         -99         -99         -99         -99
15.000 20.000  0.80  1.20 -180.00 180.00  0.982759  0.010877         -99         -99         -99         -99
20.000 999.000  0.80  1.20 -180.00 180.00  1.000000  0.011427         -99         -99         -99         -99
 7.000  8.000  1.20  1.40 -180.00 180.00  0.956757  0.012014         -99         -99         -99         -99
 8.000 10.000  1.20  1.40 -180.00 180.00  0.980000  0.007336         -99         -99         -99         -99
10.000 15.000  1.20  1.40 -180.00 180.00  0.995624  0.004303         -99         -99         -99         -99
15.000 20.000  1.20  1.40 -180.00 180.00  0.984733  0.014882         -99         -99         -99         -99
20.000 999.000  1.20  1.40 -180.00 180.00  0.972973  0.041057         -99         -99         -99         -99
 7.000  8.000  1.40  1.60 -180.00 180.00  0.942492  0.014854         -99         -99         -99         -99
 8.000 10.000  1.40  1.60 -180.00 180.00  0.979866  0.007845         -99         -99         -99         -99
10.000 15.000  1.40  1.60 -180.00 180.00  0.981308  0.007803         -99         -99         -99         -99
15.000 20.000  1.40  1.60 -180.00 180.00  0.979730  0.015235         -99         -99         -99         -99
20.000 999.000  1.40  1.60 -180.00 180.00  1.000000  0.022594         -99         -99         -99         -99
 7.000  8.000  1.60  1.80 -180.00 180.00  0.937107  0.015282         -99         -99         -99         -99
 8.000 10.000  1.60  1.80 -180.00 180.00  0.963255  0.011039         -99         -99         -99         -99
10.000 15.000  1.60  1.80 -180.00 180.00  0.967480  0.010681         -99         -99         -99         -99
15.000 20.000  1.60  1.80 -180.00 180.00  0.917526  0.033252         -99         -99         -99         -99
20.000 999.000  1.60  1.80 -180.00 180.00  0.916667  0.076886         -99         -99         -99         -99
 7.000  8.000  1.80  2.00 -180.00 180.00  0.955056  0.014666         -99         -99         -99         -99
 8.000 10.000  1.80  2.00 -180.00 180.00  0.909605  0.016742         -99         -99         -99         -99
10.000 15.000  1.80  2.00 -180.00 180.00  0.883392  0.020944         -99         -99         -99         -99
15.000 20.000  1.80  2.00 -180.00 180.00  0.910448  0.042497         -99         -99         -99         -99
20.000 999.000  1.80  2.00 -180.00 180.00  0.714286  0.150672         -99         -99         -99         -99
 7.000  8.000  2.00  2.20 -180.00 180.00  0.786982  0.034549         -99         -99         -99         -99
 8.000 10.000  2.00  2.20 -180.00 180.00  0.760369  0.031382         -99         -99         -99         -99
10.000 15.000  2.00  2.20 -180.00 180.00  0.763819  0.032720         -99         -99         -99         -99
15.000 20.000  2.00  2.20 -180.00 180.00  0.612245  0.079292         -99         -99         -99         -99
20.000 999.000  2.00  2.20 -180.00 180.00  0.833333  0.213510         -99         -99         -99         -99
 7.000  8.000  2.20  2.40 -180.00 180.00  0.634921  0.068343         -99         -99         -99         -99
 8.000 10.000  2.20  2.40 -180.00 180.00  0.575000  0.061405         -99         -99         -99         -99
10.000 15.000  2.20  2.40 -180.00 180.00  0.677778  0.054779         -99         -99         -99         -99
15.000 20.000  2.20  2.40 -180.00 180.00  0.655172  0.103947         -99         -99         -99         -99
20.000 999.000  2.20  2.40 -180.00 180.00  0.777778  0.182447         -99         -99         -99         -99
