# ===========================
# Summary for pid_lambda0.dat
# ---------------------------
# Number of cells:    78
# Number of pass :        24309
# Number of total:       485628
# -------------------------------
# min momentum:       0
# max momentum:       40
# min polar angle:    0
# max polar angle:    3
# -------------------------------
# min efficiency:       0.000319489
# max efficiency:       0.325581
# min error:            0.000142852
# max error:            0.140859
# -------------------------------
# <Efficiency>:       0.00516947
#                 +/- 0.000100394
# <Delta Efficiency>: 0.000396924
# -------------------------------
 0.000  0.500  0.00  0.50 -180.00 180.00  0.003622  0.000852          17           4        4968          70
 0.500  1.000  0.00  0.50 -180.00 180.00  0.026954  0.001201         489          22       18177         135
 1.000  1.500  0.00  0.50 -180.00 180.00  0.049116  0.001693         799          28       16286         128
 1.500  2.000  0.00  0.50 -180.00 180.00  0.076126  0.002622         778          28       10231         101
 2.000  2.500  0.00  0.50 -180.00 180.00  0.098779  0.003969         557          24        5647          75
 2.500  3.000  0.00  0.50 -180.00 180.00  0.123724  0.005879         387          20        3134          56
 3.000  3.500  0.00  0.50 -180.00 180.00  0.143301  0.007967         276          17        1931          44
 3.500  4.000  0.00  0.50 -180.00 180.00  0.153260  0.010478         180          13        1179          34
 4.000  5.000  0.00  0.50 -180.00 180.00  0.174437  0.010755         216          15        1242          35
 5.000  6.000  0.00  0.50 -180.00 180.00  0.157566  0.014379         100          10         639          25
 6.000  8.000  0.00  0.50 -180.00 180.00  0.248016  0.019218         124          11         502          22
 8.000 10.000  0.00  0.50 -180.00 180.00  0.244048  0.033040          40           6         166          13
10.000 40.000  0.00  0.50 -180.00 180.00  0.312925  0.038115          45           7         145          12
 0.000  0.500  0.50  1.00 -180.00 180.00  0.006720  0.001046          40           6        6099          78
 0.500  1.000  0.50  1.00 -180.00 180.00  0.026451  0.001111         551          23       20867         144
 1.000  1.500  0.50  1.00 -180.00 180.00  0.047967  0.001550         911          30       19011         138
 1.500  2.000  0.50  1.00 -180.00 180.00  0.074197  0.002451         847          29       11427         107
 2.000  2.500  0.50  1.00 -180.00 180.00  0.097840  0.003690         633          25        6478          80
 2.500  3.000  0.50  1.00 -180.00 180.00  0.110249  0.005123         411          20        3735          61
 3.000  3.500  0.50  1.00 -180.00 180.00  0.119837  0.006918         263          16        2201          47
 3.500  4.000  0.50  1.00 -180.00 180.00  0.140240  0.009215         198          14        1417          38
 4.000  5.000  0.50  1.00 -180.00 180.00  0.152553  0.008969         244          16        1604          40
 5.000  6.000  0.50  1.00 -180.00 180.00  0.191406  0.014187         146          12         766          28
 6.000  8.000  0.50  1.00 -180.00 180.00  0.188088  0.015459         119          11         636          25
 8.000 10.000  0.50  1.00 -180.00 180.00  0.251282  0.030982          48           7         193          14
10.000 40.000  0.50  1.00 -180.00 180.00  0.250000  0.031836          45           7         182          13
 0.000  0.500  1.00  1.50 -180.00 180.00  0.004460  0.000742          35           6        8070          90
 0.500  1.000  1.00  1.50 -180.00 180.00  0.023910  0.000937         635          25       26598         163
 1.000  1.500  1.00  1.50 -180.00 180.00  0.044644  0.001392         981          31       21994         148
 1.500  2.000  1.00  1.50 -180.00 180.00  0.069762  0.002203         932          31       13372         116
 2.000  2.500  1.00  1.50 -180.00 180.00  0.088216  0.003240         675          26        7661          88
 2.500  3.000  1.00  1.50 -180.00 180.00  0.100768  0.004524         445          21        4424          67
 3.000  3.500  1.00  1.50 -180.00 180.00  0.117692  0.006278         309          18        2632          51
 3.500  4.000  1.00  1.50 -180.00 180.00  0.122022  0.007888         209          14        1719          41
 4.000  5.000  1.00  1.50 -180.00 180.00  0.136364  0.007888         257          16        1890          43
 5.000  6.000  1.00  1.50 -180.00 180.00  0.154095  0.011845         142          12         926          30
 6.000  8.000  1.00  1.50 -180.00 180.00  0.168067  0.013984         119          11         712          27
 8.000 10.000  1.00  1.50 -180.00 180.00  0.171296  0.025577          36           6         214          15
10.000 40.000  1.00  1.50 -180.00 180.00  0.144578  0.027213          23           5         164          13
 0.000  0.500  1.50  2.00 -180.00 180.00  0.005515  0.000698          61           8       11241         106
 0.500  1.000  1.50  2.00 -180.00 180.00  0.023870  0.000863         746          27       31292         177
 1.000  1.500  1.50  2.00 -180.00 180.00  0.057517  0.001516        1356          37       23591         154
 1.500  2.000  1.50  2.00 -180.00 180.00  0.090061  0.002444        1235          35       13722         117
 2.000  2.500  1.50  2.00 -180.00 180.00  0.117437  0.003637         919          30        7832          88
 2.500  3.000  1.50  2.00 -180.00 180.00  0.136239  0.005182         596          24        4380          66
 3.000  3.500  1.50  2.00 -180.00 180.00  0.171642  0.007282         459          21        2678          52
 3.500  4.000  1.50  2.00 -180.00 180.00  0.166768  0.009177         274          17        1647          41
 4.000  5.000  1.50  2.00 -180.00 180.00  0.199782  0.009339         365          19        1830          43
 5.000  6.000  1.50  2.00 -180.00 180.00  0.210784  0.014269         171          13         814          29
 6.000  8.000  1.50  2.00 -180.00 180.00  0.190909  0.015287         125          11         658          26
 8.000 10.000  1.50  2.00 -180.00 180.00  0.255556  0.032420          45           7         178          13
10.000 40.000  1.50  2.00 -180.00 180.00  0.270073  0.037796          36           6         135          12
 0.000  0.500  2.00  2.50 -180.00 180.00  0.002770  0.000437          39           6       14439         120
 0.500  1.000  2.00  2.50 -180.00 180.00  0.020646  0.000802         648          25       31432         177
 1.000  1.500  2.00  2.50 -180.00 180.00  0.052786  0.001565        1076          33       20401         143
 1.500  2.000  2.00  2.50 -180.00 180.00  0.089132  0.002769         943          31       10589         103
 2.000  2.500  2.00  2.50 -180.00 180.00  0.114302  0.004402         596          24        5221          72
 2.500  3.000  2.00  2.50 -180.00 180.00  0.144540  0.006642         404          20        2800          53
 3.000  3.500  2.00  2.50 -180.00 180.00  0.173779  0.009420         280          17        1615          40
 3.500  4.000  2.00  2.50 -180.00 180.00  0.173820  0.012406         161          13         930          30
 4.000  5.000  2.00  2.50 -180.00 180.00  0.197022  0.013454         171          13         871          30
 5.000  6.000  2.00  2.50 -180.00 180.00  0.228916  0.020599          94          10         413          20
 6.000  8.000  2.00  2.50 -180.00 180.00  0.243728  0.025657          67           8         277          17
 8.000 10.000  2.00  2.50 -180.00 180.00  0.309524  0.050143          25           5          82           9
10.000 40.000  2.00  2.50 -180.00 180.00  0.325581  0.070643          13           4          41           6
 0.000  0.500  2.50  3.00 -180.00 180.00  0.000319  0.000143           4           2       15648         125
 0.500  1.000  2.50  3.00 -180.00 180.00  0.001135  0.000207          29           5       26433         163
 1.000  1.500  2.50  3.00 -180.00 180.00  0.003502  0.000499          48           7       13991         118
 1.500  2.000  2.50  3.00 -180.00 180.00  0.004051  0.000809          24           5        6169          79
 2.000  2.500  2.50  3.00 -180.00 180.00  0.006307  0.001571          15           4        2535          50
 2.500  3.000  2.50  3.00 -180.00 180.00  0.009959  0.002859          11           3        1203          35
 3.000  3.500  2.50  3.00 -180.00 180.00  0.005146  0.002961           2           1         581          24
 3.500  4.000  2.50  3.00 -180.00 180.00  0.009967  0.005716           2           1         299          17
 4.000  5.000  2.50  3.00 -180.00 180.00  0.015564  0.007706           3           2         255          16
 5.000  6.000  2.50  3.00 -180.00 180.00  0.038462  0.018767           3           2         102          10
 6.000  8.000  2.50  3.00 -180.00 180.00  0.020408  0.019996           0           0          47           7
 8.000 10.000  2.50  3.00 -180.00 180.00  0.133333  0.084984           1           1          13           4
10.000 40.000  2.50  3.00 -180.00 180.00  0.166667  0.140859           0           0           4           2
