# =================================
# Summary for ./MuonID_data_all.dat
# ---------------------------------
# Number of cells:    110
# Number of pass :       -10890
# Number of total:       -10890
# -------------------------------
# min momentum:       4
# max momentum:       500
# min polar angle:    0
# max polar angle:    2.5
# -------------------------------
# min efficiency:       99
# max efficiency:       -1
# min error:            99
# max error:            -1
# -------------------------------
# <Efficiency>:       0.908484
#                 +/- 2.39275e-06
# <Delta Efficiency>: 1.07721e-05
# -------------------------------
  4.000   4.500  0.00  0.20 -180.00 180.00  0.721926  0.000141         -99         -99         -99         -99
  4.500   5.000  0.00  0.20 -180.00 180.00  0.785479  0.000113         -99         -99         -99         -99
  5.000   5.500  0.00  0.20 -180.00 180.00  0.844818  0.000173         -99         -99         -99         -99
  5.500   6.000  0.00  0.20 -180.00 180.00  0.902349  0.000162         -99         -99         -99         -99
  6.000   7.000  0.00  0.20 -180.00 180.00  0.906592  0.000082         -99         -99         -99         -99
  4.000   4.500  0.20  0.30 -180.00 180.00  0.374472  0.000328         -99         -99         -99         -99
  4.500   5.000  0.20  0.30 -180.00 180.00  0.563509  0.000314         -99         -99         -99         -99
  5.000   5.500  0.20  0.30 -180.00 180.00  0.697601  0.000256         -99         -99         -99         -99
  5.500   6.000  0.20  0.30 -180.00 180.00  0.694929  0.000340         -99         -99         -99         -99
  6.000   7.000  0.20  0.30 -180.00 180.00  0.736672  0.000227         -99         -99         -99         -99
  4.000   4.500  0.30  0.60 -180.00 180.00  0.777893  0.000134         -99         -99         -99         -99
  4.500   5.000  0.30  0.60 -180.00 180.00  0.766492  0.000106         -99         -99         -99         -99
  5.000   5.500  0.30  0.60 -180.00 180.00  0.882535  0.000135         -99         -99         -99         -99
  5.500   6.000  0.30  0.60 -180.00 180.00  0.892781  0.000117         -99         -99         -99         -99
  6.000   7.000  0.30  0.60 -180.00 180.00  0.945975  0.000065         -99         -99         -99         -99
  4.000   4.500  0.60  0.80 -180.00 180.00  0.761823  0.000288         -99         -99         -99         -99
  4.500   5.000  0.60  0.80 -180.00 180.00  0.802270  0.000274         -99         -99         -99         -99
  5.000   5.500  0.60  0.80 -180.00 180.00  0.874912  0.000239         -99         -99         -99         -99
  5.500   6.000  0.60  0.80 -180.00 180.00  0.892860  0.000272         -99         -99         -99         -99
  6.000   7.000  0.60  0.80 -180.00 180.00  0.928359  0.000184         -99         -99         -99         -99
  4.000   4.500  0.80  1.20 -180.00 180.00  0.728967  0.000169         -99         -99         -99         -99
  4.500   5.000  0.80  1.20 -180.00 180.00  0.797071  0.000171         -99         -99         -99         -99
  5.000   5.500  0.80  1.20 -180.00 180.00  0.826096  0.000200         -99         -99         -99         -99
  5.500   6.000  0.80  1.20 -180.00 180.00  0.850266  0.000173         -99         -99         -99         -99
  6.000   7.000  0.80  1.20 -180.00 180.00  0.851564  0.000123         -99         -99         -99         -99
  4.000   4.500  1.20  1.40 -180.00 180.00  0.847863  0.000444         -99         -99         -99         -99
  4.500   5.000  1.20  1.40 -180.00 180.00  0.854409  0.000533         -99         -99         -99         -99
  5.000   5.500  1.20  1.40 -180.00 180.00  0.873610  0.000541         -99         -99         -99         -99
  5.500   6.000  1.20  1.40 -180.00 180.00  0.873482  0.000664         -99         -99         -99         -99
  6.000   7.000  1.20  1.40 -180.00 180.00  0.877350  0.000448         -99         -99         -99         -99
  4.000   4.500  1.40  1.60 -180.00 180.00  0.774436  0.000461         -99         -99         -99         -99
  4.500   5.000  1.40  1.60 -180.00 180.00  0.784743  0.000527         -99         -99         -99         -99
  5.000   5.500  1.40  1.60 -180.00 180.00  0.863894  0.000688         -99         -99         -99         -99
  5.500   6.000  1.40  1.60 -180.00 180.00  0.765985  0.000472         -99         -99         -99         -99
  6.000   7.000  1.40  1.60 -180.00 180.00  0.781818  0.000399         -99         -99         -99         -99
  4.000   4.500  1.60  1.80 -180.00 180.00  0.732763  0.000585         -99         -99         -99         -99
  4.500   5.000  1.60  1.80 -180.00 180.00  0.770767  0.000854         -99         -99         -99         -99
  5.000   5.500  1.60  1.80 -180.00 180.00  0.789163  0.000910         -99         -99         -99         -99
  5.500   6.000  1.60  1.80 -180.00 180.00  0.771616  0.001075         -99         -99         -99         -99
  6.000   7.000  1.60  1.80 -180.00 180.00  0.703954  0.133010         -99         -99         -99         -99
  4.000   4.500  1.80  2.00 -180.00 180.00  0.886511  0.001050         -99         -99         -99         -99
  4.500   5.000  1.80  2.00 -180.00 180.00  0.828036  0.000902         -99         -99         -99         -99
  5.000   5.500  1.80  2.00 -180.00 180.00  0.886919  0.001242         -99         -99         -99         -99
  5.500   6.000  1.80  2.00 -180.00 180.00  0.866002  0.002340         -99         -99         -99         -99
  6.000   7.000  1.80  2.00 -180.00 180.00  0.883343  0.001367         -99         -99         -99         -99
  4.000   4.500  2.00  2.20 -180.00 180.00  0.871186  0.001515         -99         -99         -99         -99
  4.500   5.000  2.00  2.20 -180.00 180.00  0.867229  0.002574         -99         -99         -99         -99
  5.000   5.500  2.00  2.20 -180.00 180.00  0.843268  0.002369         -99         -99         -99         -99
  5.500   6.000  2.00  2.20 -180.00 180.00  0.967643  0.020368         -99         -99         -99         -99
  6.000   7.000  2.00  2.20 -180.00 180.00  0.907098  0.002779         -99         -99         -99         -99
  4.000   4.500  2.20  2.50 -180.00 180.00  0.804239  0.003257         -99         -99         -99         -99
  4.500   5.000  2.20  2.50 -180.00 180.00  0.860850  0.003773         -99         -99         -99         -99
  5.000   5.500  2.20  2.50 -180.00 180.00  0.759645  0.002505         -99         -99         -99         -99
  5.500   6.000  2.20  2.50 -180.00 180.00  0.796656  0.006101         -99         -99         -99         -99
  6.000   7.000  2.20  2.50 -180.00 180.00  0.865811  0.004254         -99         -99         -99         -99
  7.000   8.000  0.00  0.20 -180.00 180.00  0.934548  0.000006         -99         -99         -99         -99
  8.000  10.000  0.00  0.20 -180.00 180.00  0.927045  0.000006         -99         -99         -99         -99
 10.000  15.000  0.00  0.20 -180.00 180.00  0.900966  0.000006         -99         -99         -99         -99
 15.000  20.000  0.00  0.20 -180.00 180.00  0.851974  0.000020         -99         -99         -99         -99
 20.000 500.000  0.00  0.20 -180.00 180.00  0.868297  0.000167         -99         -99         -99         -99
  7.000   8.000  0.20  0.30 -180.00 180.00  0.810070  0.000025         -99         -99         -99         -99
  8.000  10.000  0.20  0.30 -180.00 180.00  0.806690  0.000022         -99         -99         -99         -99
 10.000  15.000  0.20  0.30 -180.00 180.00  0.775330  0.000022         -99         -99         -99         -99
 15.000  20.000  0.20  0.30 -180.00 180.00  0.704508  0.000099         -99         -99         -99         -99
 20.000 500.000  0.20  0.30 -180.00 180.00  0.706069  0.000313         -99         -99         -99         -99
  7.000   8.000  0.30  0.60 -180.00 180.00  0.946627  0.000012         -99         -99         -99         -99
  8.000  10.000  0.30  0.60 -180.00 180.00  0.930335  0.000008         -99         -99         -99         -99
 10.000  15.000  0.30  0.60 -180.00 180.00  0.902252  0.000006         -99         -99         -99         -99
 15.000  20.000  0.30  0.60 -180.00 180.00  0.894584  0.000036         -99         -99         -99         -99
 20.000 500.000  0.30  0.60 -180.00 180.00  0.857286  0.000051         -99         -99         -99         -99
  7.000   8.000  0.60  0.80 -180.00 180.00  0.932116  0.000021         -99         -99         -99         -99
  8.000  10.000  0.60  0.80 -180.00 180.00  0.918448  0.000015         -99         -99         -99         -99
 10.000  15.000  0.60  0.80 -180.00 180.00  0.900017  0.000019         -99         -99         -99         -99
 15.000  20.000  0.60  0.80 -180.00 180.00  0.921338  0.000059         -99         -99         -99         -99
 20.000 500.000  0.60  0.80 -180.00 180.00  0.852537  0.000196         -99         -99         -99         -99
  7.000   8.000  0.80  1.20 -180.00 180.00  0.884545  0.000025         -99         -99         -99         -99
  8.000  10.000  0.80  1.20 -180.00 180.00  0.876138  0.000015         -99         -99         -99         -99
 10.000  15.000  0.80  1.20 -180.00 180.00  0.834774  0.000014         -99         -99         -99         -99
 15.000  20.000  0.80  1.20 -180.00 180.00  0.814937  0.000053         -99         -99         -99         -99
 20.000 500.000  0.80  1.20 -180.00 180.00  0.810936  0.000226         -99         -99         -99         -99
  7.000   8.000  1.20  1.40 -180.00 180.00  0.909656  0.005157         -99         -99         -99         -99
  8.000  10.000  1.20  1.40 -180.00 180.00  0.906871  0.000056         -99         -99         -99         -99
 10.000  15.000  1.20  1.40 -180.00 180.00  0.862087  0.000050         -99         -99         -99         -99
 15.000  20.000  1.20  1.40 -180.00 180.00  0.825910  0.000205         -99         -99         -99         -99
 20.000 500.000  1.20  1.40 -180.00 180.00  0.889090  0.000962         -99         -99         -99         -99
  7.000   8.000  1.40  1.60 -180.00 180.00  0.843385  0.000082         -99         -99         -99         -99
  8.000  10.000  1.40  1.60 -180.00 180.00  0.832257  0.000057         -99         -99         -99         -99
 10.000  15.000  1.40  1.60 -180.00 180.00  0.791035  0.000052         -99         -99         -99         -99
 15.000  20.000  1.40  1.60 -180.00 180.00  0.763355  0.000275         -99         -99         -99         -99
 20.000 500.000  1.40  1.60 -180.00 180.00  0.734482  0.000607         -99         -99         -99         -99
  7.000   8.000  1.60  1.80 -180.00 180.00  0.767683  0.000116         -99         -99         -99         -99
  8.000  10.000  1.60  1.80 -180.00 180.00  0.760429  0.000115         -99         -99         -99         -99
 10.000  15.000  1.60  1.80 -180.00 180.00  0.703248  0.000082         -99         -99         -99         -99
 15.000  20.000  1.60  1.80 -180.00 180.00  0.587021  0.000349         -99         -99         -99         -99
 20.000 500.000  1.60  1.80 -180.00 180.00  0.503220  0.000735         -99         -99         -99         -99
  7.000   8.000  1.80  2.00 -180.00 180.00  0.900113  0.000245         -99         -99         -99         -99
  8.000  10.000  1.80  2.00 -180.00 180.00  0.883919  0.000158         -99         -99         -99         -99
 10.000  15.000  1.80  2.00 -180.00 180.00  0.858264  0.000175         -99         -99         -99         -99
 15.000  20.000  1.80  2.00 -180.00 180.00  0.768446  0.000906         -99         -99         -99         -99
 20.000 500.000  1.80  2.00 -180.00 180.00  0.714147  0.002090         -99         -99         -99         -99
  7.000   8.000  2.00  2.20 -180.00 180.00  0.855885  0.000448         -99         -99         -99         -99
  8.000  10.000  2.00  2.20 -180.00 180.00  0.871941  0.000458         -99         -99         -99         -99
 10.000  15.000  2.00  2.20 -180.00 180.00  0.754428  0.000329         -99         -99         -99         -99
 15.000  20.000  2.00  2.20 -180.00 180.00  0.805742  0.002886         -99         -99         -99         -99
 20.000 500.000  2.00  2.20 -180.00 180.00  0.731265  0.010807         -99         -99         -99         -99
  7.000   8.000  2.20  2.50 -180.00 180.00  0.878211  0.001621         -99         -99         -99         -99
  8.000  10.000  2.20  2.50 -180.00 180.00  0.885785  0.001374         -99         -99         -99         -99
 10.000  15.000  2.20  2.50 -180.00 180.00  0.855745  0.001629         -99         -99         -99         -99
 15.000  20.000  2.20  2.50 -180.00 180.00  0.951134  0.036609         -99         -99         -99         -99
 20.000 500.000  2.20  2.50 -180.00 180.00  0.443544  0.003794         -99         -99         -99         -99
