# ===============================
# Summary for ./MuonID_mc_all.dat
# -------------------------------
# Number of cells:    110
# Number of pass :       -10890
# Number of total:       -10890
# -------------------------------
# min momentum:       4
# max momentum:       500
# min polar angle:    0
# max polar angle:    2.5
# -------------------------------
# min efficiency:       99
# max efficiency:       -1
# min error:            99
# max error:            -1
# -------------------------------
# <Efficiency>:       0.584737
#                 +/- 1.25585e-05
# <Delta Efficiency>: 5.40362e-05
# -------------------------------
  4.000   4.500  0.00  0.20 -180.00 180.00  0.665838  0.000083         -99         -99         -99         -99
  4.500   5.000  0.00  0.20 -180.00 180.00  0.809109  0.000215         -99         -99         -99         -99
  5.000   5.500  0.00  0.20 -180.00 180.00  0.823107  0.000255         -99         -99         -99         -99
  5.500   6.000  0.00  0.20 -180.00 180.00  0.869373  0.000355         -99         -99         -99         -99
  6.000   7.000  0.00  0.20 -180.00 180.00  0.929037  0.000282         -99         -99         -99         -99
  4.000   4.500  0.20  0.30 -180.00 180.00  0.358353  0.000162         -99         -99         -99         -99
  4.500   5.000  0.20  0.30 -180.00 180.00  0.512570  0.000015         -99         -99         -99         -99
  5.000   5.500  0.20  0.30 -180.00 180.00  0.707277  0.000320         -99         -99         -99         -99
  5.500   6.000  0.20  0.30 -180.00 180.00  0.759772  0.000504         -99         -99         -99         -99
  6.000   7.000  0.20  0.30 -180.00 180.00  0.790305  0.000366         -99         -99         -99         -99
  4.000   4.500  0.30  0.60 -180.00 180.00  0.749263  0.000086         -99         -99         -99         -99
  4.500   5.000  0.30  0.60 -180.00 180.00  0.810617  0.000132         -99         -99         -99         -99
  5.000   5.500  0.30  0.60 -180.00 180.00  0.890161  0.000207         -99         -99         -99         -99
  5.500   6.000  0.30  0.60 -180.00 180.00  0.894151  0.000260         -99         -99         -99         -99
  6.000   7.000  0.30  0.60 -180.00 180.00  0.932790  0.000195         -99         -99         -99         -99
  4.000   4.500  0.60  0.80 -180.00 180.00  0.689469  0.000088         -99         -99         -99         -99
  4.500   5.000  0.60  0.80 -180.00 180.00  0.757397  0.000168         -99         -99         -99         -99
  5.000   5.500  0.60  0.80 -180.00 180.00  0.841345  0.000000         -99         -99         -99         -99
  5.500   6.000  0.60  0.80 -180.00 180.00  0.882519  0.000383         -99         -99         -99         -99
  6.000   7.000  0.60  0.80 -180.00 180.00  0.894232  0.000272         -99         -99         -99         -99
  4.000   4.500  0.80  1.20 -180.00 180.00  0.655068  0.000034         -99         -99         -99         -99
  4.500   5.000  0.80  1.20 -180.00 180.00  0.772359  0.000086         -99         -99         -99         -99
  5.000   5.500  0.80  1.20 -180.00 180.00  0.804258  0.000120         -99         -99         -99         -99
  5.500   6.000  0.80  1.20 -180.00 180.00  0.822553  0.000000         -99         -99         -99         -99
  6.000   7.000  0.80  1.20 -180.00 180.00  0.866355  0.000119         -99         -99         -99         -99
  4.000   4.500  1.20  1.40 -180.00 180.00  0.812573  0.000176         -99         -99         -99         -99
  4.500   5.000  1.20  1.40 -180.00 180.00  0.877997  0.000272         -99         -99         -99         -99
  5.000   5.500  1.20  1.40 -180.00 180.00  0.821170  0.000294         -99         -99         -99         -99
  5.500   6.000  1.20  1.40 -180.00 180.00  0.875215  0.000429         -99         -99         -99         -99
  6.000   7.000  1.20  1.40 -180.00 180.00  0.889875  0.000281         -99         -99         -99         -99
  4.000   4.500  1.40  1.60 -180.00 180.00  0.772981  0.000174         -99         -99         -99         -99
  4.500   5.000  1.40  1.60 -180.00 180.00  0.817931  0.000266         -99         -99         -99         -99
  5.000   5.500  1.40  1.60 -180.00 180.00  0.847090  0.000368         -99         -99         -99         -99
  5.500   6.000  1.40  1.60 -180.00 180.00  0.850974  0.000458         -99         -99         -99         -99
  6.000   7.000  1.40  1.60 -180.00 180.00  0.848054  0.000299         -99         -99         -99         -99
  4.000   4.500  1.60  1.80 -180.00 180.00  0.762414  0.000179         -99         -99         -99         -99
  4.500   5.000  1.60  1.80 -180.00 180.00  0.784343  0.000273         -99         -99         -99         -99
  5.000   5.500  1.60  1.80 -180.00 180.00  0.777998  0.000314         -99         -99         -99         -99
  5.500   6.000  1.60  1.80 -180.00 180.00  0.798554  0.000404         -99         -99         -99         -99
  6.000   7.000  1.60  1.80 -180.00 180.00  0.777284  0.000000         -99         -99         -99         -99
  4.000   4.500  1.80  2.00 -180.00 180.00  0.904781  0.000415         -99         -99         -99         -99
  4.500   5.000  1.80  2.00 -180.00 180.00  0.886211  0.000594         -99         -99         -99         -99
  5.000   5.500  1.80  2.00 -180.00 180.00  0.889138  0.000692         -99         -99         -99         -99
  5.500   6.000  1.80  2.00 -180.00 180.00  0.907799  0.000773         -99         -99         -99         -99
  6.000   7.000  1.80  2.00 -180.00 180.00  0.919754  0.000539         -99         -99         -99         -99
  4.000   4.500  2.00  2.20 -180.00 180.00  0.840865  0.000392         -99         -99         -99         -99
  4.500   5.000  2.00  2.20 -180.00 180.00  0.890173  0.000593         -99         -99         -99         -99
  5.000   5.500  2.00  2.20 -180.00 180.00  0.891157  0.000819         -99         -99         -99         -99
  5.500   6.000  2.00  2.20 -180.00 180.00  0.896028  0.001131         -99         -99         -99         -99
  6.000   7.000  2.00  2.20 -180.00 180.00  0.937134  0.000701         -99         -99         -99         -99
  4.000   4.500  2.20  2.50 -180.00 180.00  0.856797  0.000916         -99         -99         -99         -99
  4.500   5.000  2.20  2.50 -180.00 180.00  0.974880  0.004740         -99         -99         -99         -99
  5.000   5.500  2.20  2.50 -180.00 180.00  0.875566  0.001260         -99         -99         -99         -99
  5.500   6.000  2.20  2.50 -180.00 180.00  0.866964  0.001882         -99         -99         -99         -99
  6.000   7.000  2.20  2.50 -180.00 180.00  0.898084  0.001244         -99         -99         -99         -99
  7.000   8.000  0.00  0.20 -180.00 180.00  0.908242  0.000898         -99         -99         -99         -99
  8.000  10.000  0.00  0.20 -180.00 180.00  0.931612  0.000671         -99         -99         -99         -99
 10.000  15.000  0.00  0.20 -180.00 180.00  0.908475  0.000655         -99         -99         -99         -99
 15.000  20.000  0.00  0.20 -180.00 180.00  0.852404  0.001758         -99         -99         -99         -99
 20.000 500.000  0.00  0.20 -180.00 180.00  0.937714  0.007318         -99         -99         -99         -99
  7.000   8.000  0.20  0.30 -180.00 180.00  0.803637  0.001173         -99         -99         -99         -99
  8.000  10.000  0.20  0.30 -180.00 180.00  0.797057  0.000933         -99         -99         -99         -99
 10.000  15.000  0.20  0.30 -180.00 180.00  0.831065  0.001092         -99         -99         -99         -99
 15.000  20.000  0.20  0.30 -180.00 180.00  0.673824  0.002154         -99         -99         -99         -99
 20.000 500.000  0.20  0.30 -180.00 180.00  0.546114  0.001145         -99         -99         -99         -99
  7.000   8.000  0.30  0.60 -180.00 180.00  0.920864  0.000674         -99         -99         -99         -99
  8.000  10.000  0.30  0.60 -180.00 180.00  0.917240  0.000451         -99         -99         -99         -99
 10.000  15.000  0.30  0.60 -180.00 180.00  0.898896  0.000404         -99         -99         -99         -99
 15.000  20.000  0.30  0.60 -180.00 180.00  0.836237  0.001115         -99         -99         -99         -99
 20.000 500.000  0.30  0.60 -180.00 180.00  0.909707  0.004587         -99         -99         -99         -99
  7.000   8.000  0.60  0.80 -180.00 180.00  0.945518  0.001066         -99         -99         -99         -99
  8.000  10.000  0.60  0.80 -180.00 180.00  0.908058  0.000000         -99         -99         -99         -99
 10.000  15.000  0.60  0.80 -180.00 180.00  0.891590  0.000659         -99         -99         -99         -99
 15.000  20.000  0.60  0.80 -180.00 180.00  0.918293  0.002927         -99         -99         -99         -99
 20.000 500.000  0.60  0.80 -180.00 180.00  0.819076  0.004996         -99         -99         -99         -99
  7.000   8.000  0.80  1.20 -180.00 180.00  0.857757  0.000468         -99         -99         -99         -99
  8.000  10.000  0.80  1.20 -180.00 180.00  0.877797  0.000320         -99         -99         -99         -99
 10.000  15.000  0.80  1.20 -180.00 180.00  0.834912  0.000284         -99         -99         -99         -99
 15.000  20.000  0.80  1.20 -180.00 180.00  0.825550  0.001070         -99         -99         -99         -99
 20.000 500.000  0.80  1.20 -180.00 180.00  0.812824  0.002914         -99         -99         -99         -99
  7.000   8.000  1.20  1.40 -180.00 180.00  0.864158  0.001070         -99         -99         -99         -99
  8.000  10.000  1.20  1.40 -180.00 180.00  0.899959  0.000874         -99         -99         -99         -99
 10.000  15.000  1.20  1.40 -180.00 180.00  0.885889  0.000757         -99         -99         -99         -99
 15.000  20.000  1.20  1.40 -180.00 180.00  0.896942  0.003112         -99         -99         -99         -99
 20.000 500.000  1.20  1.40 -180.00 180.00  0.805556  0.002822         -99         -99         -99         -99
  7.000   8.000  1.40  1.60 -180.00 180.00  0.823288  0.000965         -99         -99         -99         -99
  8.000  10.000  1.40  1.60 -180.00 180.00  0.889506  0.000880         -99         -99         -99         -99
 10.000  15.000  1.40  1.60 -180.00 180.00  0.846352  0.000734         -99         -99         -99         -99
 15.000  20.000  1.40  1.60 -180.00 180.00  0.824194  0.002169         -99         -99         -99         -99
 20.000 500.000  1.40  1.60 -180.00 180.00  1.000000  0.085772         -99         -99         -99         -99
  7.000   8.000  1.60  1.80 -180.00 180.00  0.723955  0.000514         -99         -99         -99         -99
  8.000  10.000  1.60  1.80 -180.00 180.00  0.664760  0.000396         -99         -99         -99         -99
 10.000  15.000  1.60  1.80 -180.00 180.00  0.783552  0.000687         -99         -99         -99         -99
 15.000  20.000  1.60  1.80 -180.00 180.00  0.661023  0.001817         -99         -99         -99         -99
 20.000 500.000  1.60  1.80 -180.00 180.00  0.577988  0.001729         -99         -99         -99         -99
  7.000   8.000  1.80  2.00 -180.00 180.00  0.994158  0.015943         -99         -99         -99         -99
  8.000  10.000  1.80  2.00 -180.00 180.00  0.953622  0.001181         -99         -99         -99         -99
 10.000  15.000  1.80  2.00 -180.00 180.00  0.891962  0.001049         -99         -99         -99         -99
 15.000  20.000  1.80  2.00 -180.00 180.00  0.826795  0.001070         -99         -99         -99         -99
 20.000 500.000  1.80  2.00 -180.00 180.00  0.769250  0.013493         -99         -99         -99         -99
  7.000   8.000  2.00  2.20 -180.00 180.00  0.961924  0.011900         -99         -99         -99         -99
  8.000  10.000  2.00  2.20 -180.00 180.00  0.860595  0.001698         -99         -99         -99         -99
 10.000  15.000  2.00  2.20 -180.00 180.00  0.892263  0.001794         -99         -99         -99         -99
 15.000  20.000  2.00  2.20 -180.00 180.00  0.627317  0.000455         -99         -99         -99         -99
 20.000 500.000  2.00  2.20 -180.00 180.00  0.902224  0.026914         -99         -99         -99         -99
  7.000   8.000  2.20  2.50 -180.00 180.00  0.805987  0.002887         -99         -99         -99         -99
  8.000  10.000  2.20  2.50 -180.00 180.00  0.938491  0.004535         -99         -99         -99         -99
 10.000  15.000  2.20  2.50 -180.00 180.00  0.987538  0.044834         -99         -99         -99         -99
 15.000  20.000  2.20  2.50 -180.00 180.00  0.749998  0.020030         -99         -99         -99         -99
 20.000 500.000  2.20  2.50 -180.00 180.00  0.902224  0.019526         -99         -99         -99         -99
