# ===============================
# Summary for ./L1L2_data_all.dat
# -------------------------------
# Number of cells:    110
# Number of pass :       -10890
# Number of total:       -10890
# -------------------------------
# min momentum:       4
# max momentum:       500
# min polar angle:    0
# max polar angle:    2.5
# -------------------------------
# min efficiency:       99
# max efficiency:       -1
# min error:            99
# max error:            -1
# -------------------------------
# <Efficiency>:       0.897133
#                 +/- 6.87965e-06
# <Delta Efficiency>: 4.63133e-05
# -------------------------------
  4.000   4.500  0.00  0.20 -180.00 180.00  0.824776  0.000151         -99         -99         -99         -99
  4.500   5.000  0.00  0.20 -180.00 180.00  0.903166  0.000230         -99         -99         -99         -99
  5.000   5.500  0.00  0.20 -180.00 180.00  0.926500  0.000327         -99         -99         -99         -99
  5.500   6.000  0.00  0.20 -180.00 180.00  0.954953  0.000392         -99         -99         -99         -99
  6.000   7.000  0.00  0.20 -180.00 180.00  0.973629  0.000274         -99         -99         -99         -99
  4.000   4.500  0.20  0.30 -180.00 180.00  0.733596  0.000505         -99         -99         -99         -99
  4.500   5.000  0.20  0.30 -180.00 180.00  0.746618  0.000359         -99         -99         -99         -99
  5.000   5.500  0.20  0.30 -180.00 180.00  0.813386  0.000517         -99         -99         -99         -99
  5.500   6.000  0.20  0.30 -180.00 180.00  0.851427  0.000807         -99         -99         -99         -99
  6.000   7.000  0.20  0.30 -180.00 180.00  0.872147  0.000615         -99         -99         -99         -99
  4.000   4.500  0.30  0.60 -180.00 180.00  0.889628  0.000118         -99         -99         -99         -99
  4.500   5.000  0.30  0.60 -180.00 180.00  0.910705  0.000174         -99         -99         -99         -99
  5.000   5.500  0.30  0.60 -180.00 180.00  0.937511  0.000197         -99         -99         -99         -99
  5.500   6.000  0.30  0.60 -180.00 180.00  0.956803  0.001330         -99         -99         -99         -99
  6.000   7.000  0.30  0.60 -180.00 180.00  0.960460  0.000175         -99         -99         -99         -99
  4.000   4.500  0.60  0.80 -180.00 180.00  0.846029  0.000184         -99         -99         -99         -99
  4.500   5.000  0.60  0.80 -180.00 180.00  0.918548  0.000266         -99         -99         -99         -99
  5.000   5.500  0.60  0.80 -180.00 180.00  0.939992  0.000302         -99         -99         -99         -99
  5.500   6.000  0.60  0.80 -180.00 180.00  0.966730  0.001342         -99         -99         -99         -99
  6.000   7.000  0.60  0.80 -180.00 180.00  0.953870  0.000294         -99         -99         -99         -99
  4.000   4.500  0.80  1.20 -180.00 180.00  0.855282  0.000097         -99         -99         -99         -99
  4.500   5.000  0.80  1.20 -180.00 180.00  0.897770  0.000125         -99         -99         -99         -99
  5.000   5.500  0.80  1.20 -180.00 180.00  0.925482  0.000168         -99         -99         -99         -99
  5.500   6.000  0.80  1.20 -180.00 180.00  0.935131  0.000208         -99         -99         -99         -99
  6.000   7.000  0.80  1.20 -180.00 180.00  0.941059  0.000136         -99         -99         -99         -99
  4.000   4.500  1.20  1.40 -180.00 180.00  0.960754  0.000235         -99         -99         -99         -99
  4.500   5.000  1.20  1.40 -180.00 180.00  0.954989  0.000295         -99         -99         -99         -99
  5.000   5.500  1.20  1.40 -180.00 180.00  0.968959  0.000438         -99         -99         -99         -99
  5.500   6.000  1.20  1.40 -180.00 180.00  0.950971  0.000474         -99         -99         -99         -99
  6.000   7.000  1.20  1.40 -180.00 180.00  0.955592  0.000349         -99         -99         -99         -99
  4.000   4.500  1.40  1.60 -180.00 180.00  0.933177  0.003965         -99         -99         -99         -99
  4.500   5.000  1.40  1.60 -180.00 180.00  0.926642  0.000332         -99         -99         -99         -99
  5.000   5.500  1.40  1.60 -180.00 180.00  0.943298  0.000389         -99         -99         -99         -99
  5.500   6.000  1.40  1.60 -180.00 180.00  0.948485  0.000663         -99         -99         -99         -99
  6.000   7.000  1.40  1.60 -180.00 180.00  0.909102  0.000029         -99         -99         -99         -99
  4.000   4.500  1.60  1.80 -180.00 180.00  0.852333  0.000302         -99         -99         -99         -99
  4.500   5.000  1.60  1.80 -180.00 180.00  0.873941  0.000373         -99         -99         -99         -99
  5.000   5.500  1.60  1.80 -180.00 180.00  0.884834  0.000580         -99         -99         -99         -99
  5.500   6.000  1.60  1.80 -180.00 180.00  0.875555  0.000706         -99         -99         -99         -99
  6.000   7.000  1.60  1.80 -180.00 180.00  0.890877  0.000513         -99         -99         -99         -99
  4.000   4.500  1.80  2.00 -180.00 180.00  0.862158  0.000277         -99         -99         -99         -99
  4.500   5.000  1.80  2.00 -180.00 180.00  0.892659  0.000427         -99         -99         -99         -99
  5.000   5.500  1.80  2.00 -180.00 180.00  0.838549  0.000542         -99         -99         -99         -99
  5.500   6.000  1.80  2.00 -180.00 180.00  0.876473  0.014441         -99         -99         -99         -99
  6.000   7.000  1.80  2.00 -180.00 180.00  0.854889  0.000537         -99         -99         -99         -99
  4.000   4.500  2.00  2.20 -180.00 180.00  0.787724  0.000088         -99         -99         -99         -99
  4.500   5.000  2.00  2.20 -180.00 180.00  0.813729  0.001122         -99         -99         -99         -99
  5.000   5.500  2.00  2.20 -180.00 180.00  0.758473  0.000681         -99         -99         -99         -99
  5.500   6.000  2.00  2.20 -180.00 180.00  0.812092  0.001473         -99         -99         -99         -99
  6.000   7.000  2.00  2.20 -180.00 180.00  0.780948  0.000568         -99         -99         -99         -99
  4.000   4.500  2.20  2.50 -180.00 180.00  0.757919  0.000582         -99         -99         -99         -99
  4.500   5.000  2.20  2.50 -180.00 180.00  0.689086  0.000420         -99         -99         -99         -99
  5.000   5.500  2.20  2.50 -180.00 180.00  0.686734  0.000841         -99         -99         -99         -99
  5.500   6.000  2.20  2.50 -180.00 180.00  0.615967  0.001558         -99         -99         -99         -99
  6.000   7.000  2.20  2.50 -180.00 180.00  0.633150  0.000718         -99         -99         -99         -99
  7.000   8.000  0.00  0.20 -180.00 180.00  0.961224  0.000052         -99         -99         -99         -99
  8.000  10.000  0.00  0.20 -180.00 180.00  0.953211  0.000037         -99         -99         -99         -99
 10.000  15.000  0.00  0.20 -180.00 180.00  0.947451  0.000039         -99         -99         -99         -99
 15.000  20.000  0.00  0.20 -180.00 180.00  0.937500  0.000148         -99         -99         -99         -99
 20.000 500.000  0.00  0.20 -180.00 180.00  0.908062  0.000408         -99         -99         -99         -99
  7.000   8.000  0.20  0.30 -180.00 180.00  0.875178  0.000093         -99         -99         -99         -99
  8.000  10.000  0.20  0.30 -180.00 180.00  0.881754  0.000070         -99         -99         -99         -99
 10.000  15.000  0.20  0.30 -180.00 180.00  0.869299  0.000076         -99         -99         -99         -99
 15.000  20.000  0.20  0.30 -180.00 180.00  0.839659  0.000276         -99         -99         -99         -99
 20.000 500.000  0.20  0.30 -180.00 180.00  0.847755  0.000896         -99         -99         -99         -99
  7.000   8.000  0.30  0.60 -180.00 180.00  0.949815  0.000033         -99         -99         -99         -99
  8.000  10.000  0.30  0.60 -180.00 180.00  0.942849  0.000024         -99         -99         -99         -99
 10.000  15.000  0.30  0.60 -180.00 180.00  0.929408  0.000025         -99         -99         -99         -99
 15.000  20.000  0.30  0.60 -180.00 180.00  0.920928  0.000097         -99         -99         -99         -99
 20.000 500.000  0.30  0.60 -180.00 180.00  0.898048  0.000251         -99         -99         -99         -99
  7.000   8.000  0.60  0.80 -180.00 180.00  0.958983  0.000053         -99         -99         -99         -99
  8.000  10.000  0.60  0.80 -180.00 180.00  0.963335  0.000038         -99         -99         -99         -99
 10.000  15.000  0.60  0.80 -180.00 180.00  0.959334  0.000042         -99         -99         -99         -99
 15.000  20.000  0.60  0.80 -180.00 180.00  0.951885  0.000156         -99         -99         -99         -99
 20.000 500.000  0.60  0.80 -180.00 180.00  0.927786  0.000000         -99         -99         -99         -99
  7.000   8.000  0.80  1.20 -180.00 180.00  0.938635  0.000029         -99         -99         -99         -99
  8.000  10.000  0.80  1.20 -180.00 180.00  0.934259  0.000021         -99         -99         -99         -99
 10.000  15.000  0.80  1.20 -180.00 180.00  0.930262  0.000022         -99         -99         -99         -99
 15.000  20.000  0.80  1.20 -180.00 180.00  0.904723  0.000078         -99         -99         -99         -99
 20.000 500.000  0.80  1.20 -180.00 180.00  0.891171  0.000247         -99         -99         -99         -99
  7.000   8.000  1.20  1.40 -180.00 180.00  0.938815  0.000063         -99         -99         -99         -99
  8.000  10.000  1.20  1.40 -180.00 180.00  0.921961  0.000042         -99         -99         -99         -99
 10.000  15.000  1.20  1.40 -180.00 180.00  0.912002  0.000044         -99         -99         -99         -99
 15.000  20.000  1.20  1.40 -180.00 180.00  0.886563  0.000178         -99         -99         -99         -99
 20.000 500.000  1.20  1.40 -180.00 180.00  0.885397  0.000581         -99         -99         -99         -99
  7.000   8.000  1.40  1.60 -180.00 180.00  0.914825  0.000072         -99         -99         -99         -99
  8.000  10.000  1.40  1.60 -180.00 180.00  0.915626  0.000054         -99         -99         -99         -99
 10.000  15.000  1.40  1.60 -180.00 180.00  0.892027  0.000058         -99         -99         -99         -99
 15.000  20.000  1.40  1.60 -180.00 180.00  0.876544  0.000232         -99         -99         -99         -99
 20.000 500.000  1.40  1.60 -180.00 180.00  0.824918  0.000339         -99         -99         -99         -99
  7.000   8.000  1.60  1.80 -180.00 180.00  0.913004  0.000096         -99         -99         -99         -99
  8.000  10.000  1.60  1.80 -180.00 180.00  0.905273  0.000092         -99         -99         -99         -99
 10.000  15.000  1.60  1.80 -180.00 180.00  0.909549  0.042362         -99         -99         -99         -99
 15.000  20.000  1.60  1.80 -180.00 180.00  0.870690  0.007781         -99         -99         -99         -99
 20.000 500.000  1.60  1.80 -180.00 180.00  0.868480  0.001331         -99         -99         -99         -99
  7.000   8.000  1.80  2.00 -180.00 180.00  0.840530  0.000099         -99         -99         -99         -99
  8.000  10.000  1.80  2.00 -180.00 180.00  0.826363  0.000057         -99         -99         -99         -99
 10.000  15.000  1.80  2.00 -180.00 180.00  0.806927  0.000063         -99         -99         -99         -99
 15.000  20.000  1.80  2.00 -180.00 180.00  0.747896  0.000307         -99         -99         -99         -99
 20.000 500.000  1.80  2.00 -180.00 180.00  0.696233  0.001218         -99         -99         -99         -99
  7.000   8.000  2.00  2.20 -180.00 180.00  0.720682  0.000108         -99         -99         -99         -99
  8.000  10.000  2.00  2.20 -180.00 180.00  0.682632  0.000052         -99         -99         -99         -99
 10.000  15.000  2.00  2.20 -180.00 180.00  0.677526  0.000095         -99         -99         -99         -99
 15.000  20.000  2.00  2.20 -180.00 180.00  0.523766  0.000135         -99         -99         -99         -99
 20.000 500.000  2.00  2.20 -180.00 180.00  0.467577  0.018313         -99         -99         -99         -99
  7.000   8.000  2.20  2.50 -180.00 180.00  0.543764  0.000115         -99         -99         -99         -99
  8.000  10.000  2.20  2.50 -180.00 180.00  0.538566  0.000046         -99         -99         -99         -99
 10.000  15.000  2.20  2.50 -180.00 180.00  0.485889  0.000042         -99         -99         -99         -99
 15.000  20.000  2.20  2.50 -180.00 180.00  0.552555  0.019324         -99         -99         -99         -99
 20.000 500.000  2.20  2.50 -180.00 180.00  0.216148  0.004700         -99         -99         -99         -99
