# =============================
# Summary for ./L1L2_mc_all.dat
# -----------------------------
# Number of cells:    110
# Number of pass :       -10890
# Number of total:       -10890
# -------------------------------
# min momentum:       4
# max momentum:       500
# min polar angle:    0
# max polar angle:    2.5
# -------------------------------
# min efficiency:       99
# max efficiency:       -1
# min error:            99
# max error:            -1
# -------------------------------
# <Efficiency>:       0.899941
#                 +/- 5.9051e-05
# <Delta Efficiency>: 0.000401796
# -------------------------------
  4.000   4.500  0.00  0.20 -180.00 180.00  0.895953  0.000380         -99         -99         -99         -99
  4.500   5.000  0.00  0.20 -180.00 180.00  0.930393  0.006285         -99         -99         -99         -99
  5.000   5.500  0.00  0.20 -180.00 180.00  0.955828  0.000535         -99         -99         -99         -99
  5.500   6.000  0.00  0.20 -180.00 180.00  0.959893  0.000614         -99         -99         -99         -99
  6.000   7.000  0.00  0.20 -180.00 180.00  0.975441  0.000411         -99         -99         -99         -99
  4.000   4.500  0.20  0.30 -180.00 180.00  0.695159  0.000000         -99         -99         -99         -99
  4.500   5.000  0.20  0.30 -180.00 180.00  0.727273  0.000764         -99         -99         -99         -99
  5.000   5.500  0.20  0.30 -180.00 180.00  0.802918  0.000909         -99         -99         -99         -99
  5.500   6.000  0.20  0.30 -180.00 180.00  0.792537  0.000985         -99         -99         -99         -99
  6.000   7.000  0.20  0.30 -180.00 180.00  0.870567  0.000816         -99         -99         -99         -99
  4.000   4.500  0.30  0.60 -180.00 180.00  0.909525  0.000245         -99         -99         -99         -99
  4.500   5.000  0.30  0.60 -180.00 180.00  0.912421  0.000266         -99         -99         -99         -99
  5.000   5.500  0.30  0.60 -180.00 180.00  0.957610  0.000351         -99         -99         -99         -99
  5.500   6.000  0.30  0.60 -180.00 180.00  0.975792  0.000414         -99         -99         -99         -99
  6.000   7.000  0.30  0.60 -180.00 180.00  0.971672  0.000291         -99         -99         -99         -99
  4.000   4.500  0.60  0.80 -180.00 180.00  0.835721  0.000113         -99         -99         -99         -99
  4.500   5.000  0.60  0.80 -180.00 180.00  0.917507  0.000569         -99         -99         -99         -99
  5.000   5.500  0.60  0.80 -180.00 180.00  0.939862  0.000504         -99         -99         -99         -99
  5.500   6.000  0.60  0.80 -180.00 180.00  0.958997  0.000696         -99         -99         -99         -99
  6.000   7.000  0.60  0.80 -180.00 180.00  0.970845  0.000000         -99         -99         -99         -99
  4.000   4.500  0.80  1.20 -180.00 180.00  0.749650  0.000000         -99         -99         -99         -99
  4.500   5.000  0.80  1.20 -180.00 180.00  0.872809  0.000216         -99         -99         -99         -99
  5.000   5.500  0.80  1.20 -180.00 180.00  0.913325  0.000299         -99         -99         -99         -99
  5.500   6.000  0.80  1.20 -180.00 180.00  0.942598  0.000000         -99         -99         -99         -99
  6.000   7.000  0.80  1.20 -180.00 180.00  0.962459  0.000239         -99         -99         -99         -99
  4.000   4.500  1.20  1.40 -180.00 180.00  0.823529  0.000373         -99         -99         -99         -99
  4.500   5.000  1.20  1.40 -180.00 180.00  0.893998  0.000523         -99         -99         -99         -99
  5.000   5.500  1.20  1.40 -180.00 180.00  0.923574  0.000652         -99         -99         -99         -99
  5.500   6.000  1.20  1.40 -180.00 180.00  0.950617  0.000927         -99         -99         -99         -99
  6.000   7.000  1.20  1.40 -180.00 180.00  0.953201  0.000565         -99         -99         -99         -99
  4.000   4.500  1.40  1.60 -180.00 180.00  0.943479  0.000574         -99         -99         -99         -99
  4.500   5.000  1.40  1.60 -180.00 180.00  0.959905  0.000723         -99         -99         -99         -99
  5.000   5.500  1.40  1.60 -180.00 180.00  0.952775  0.000836         -99         -99         -99         -99
  5.500   6.000  1.40  1.60 -180.00 180.00  0.950118  0.001079         -99         -99         -99         -99
  6.000   7.000  1.40  1.60 -180.00 180.00  0.957706  0.000680         -99         -99         -99         -99
  4.000   4.500  1.60  1.80 -180.00 180.00  0.899601  0.000581         -99         -99         -99         -99
  4.500   5.000  1.60  1.80 -180.00 180.00  0.889673  0.000913         -99         -99         -99         -99
  5.000   5.500  1.60  1.80 -180.00 180.00  0.910450  0.001023         -99         -99         -99         -99
  5.500   6.000  1.60  1.80 -180.00 180.00  0.902465  0.001197         -99         -99         -99         -99
  6.000   7.000  1.60  1.80 -180.00 180.00  0.931287  0.000935         -99         -99         -99         -99
  4.000   4.500  1.80  2.00 -180.00 180.00  0.899913  0.000708         -99         -99         -99         -99
  4.500   5.000  1.80  2.00 -180.00 180.00  0.932758  0.000935         -99         -99         -99         -99
  5.000   5.500  1.80  2.00 -180.00 180.00  0.930132  0.001253         -99         -99         -99         -99
  5.500   6.000  1.80  2.00 -180.00 180.00  0.904514  0.001345         -99         -99         -99         -99
  6.000   7.000  1.80  2.00 -180.00 180.00  0.932022  0.007204         -99         -99         -99         -99
  4.000   4.500  2.00  2.20 -180.00 180.00  0.871694  0.000911         -99         -99         -99         -99
  4.500   5.000  2.00  2.20 -180.00 180.00  0.846179  0.001039         -99         -99         -99         -99
  5.000   5.500  2.00  2.20 -180.00 180.00  0.900000  0.001334         -99         -99         -99         -99
  5.500   6.000  2.00  2.20 -180.00 180.00  0.910688  0.001600         -99         -99         -99         -99
  6.000   7.000  2.00  2.20 -180.00 180.00  0.883624  0.001105         -99         -99         -99         -99
  4.000   4.500  2.20  2.50 -180.00 180.00  0.854667  0.001389         -99         -99         -99         -99
  4.500   5.000  2.20  2.50 -180.00 180.00  0.895465  0.002439         -99         -99         -99         -99
  5.000   5.500  2.20  2.50 -180.00 180.00  0.938594  0.002552         -99         -99         -99         -99
  5.500   6.000  2.20  2.50 -180.00 180.00  0.895647  0.002888         -99         -99         -99         -99
  6.000   7.000  2.20  2.50 -180.00 180.00  0.881721  0.001912         -99         -99         -99         -99
  7.000   8.000  0.00  0.20 -180.00 180.00  0.986544  0.001445         -99         -99         -99         -99
  8.000  10.000  0.00  0.20 -180.00 180.00  0.978263  0.000990         -99         -99         -99         -99
 10.000  15.000  0.00  0.20 -180.00 180.00  0.977901  0.000878         -99         -99         -99         -99
 15.000  20.000  0.00  0.20 -180.00 180.00  1.000000  0.010351         -99         -99         -99         -99
 20.000 500.000  0.00  0.20 -180.00 180.00  0.875050  0.007777         -99         -99         -99         -99
  7.000   8.000  0.20  0.30 -180.00 180.00  0.905124  0.002916         -99         -99         -99         -99
  8.000  10.000  0.20  0.30 -180.00 180.00  0.959460  0.002062         -99         -99         -99         -99
 10.000  15.000  0.20  0.30 -180.00 180.00  0.948467  0.002198         -99         -99         -99         -99
 15.000  20.000  0.20  0.30 -180.00 180.00  0.946234  0.008639         -99         -99         -99         -99
 20.000 500.000  0.20  0.30 -180.00 180.00  0.749812  0.019846         -99         -99         -99         -99
  7.000   8.000  0.30  0.60 -180.00 180.00  0.979921  0.001066         -99         -99         -99         -99
  8.000  10.000  0.30  0.60 -180.00 180.00  0.979336  0.000616         -99         -99         -99         -99
 10.000  15.000  0.30  0.60 -180.00 180.00  0.972367  0.000579         -99         -99         -99         -99
 15.000  20.000  0.30  0.60 -180.00 180.00  0.947672  0.001728         -99         -99         -99         -99
 20.000 500.000  0.30  0.60 -180.00 180.00  1.000000  0.018900         -99         -99         -99         -99
  7.000   8.000  0.60  0.80 -180.00 180.00  0.966392  0.001511         -99         -99         -99         -99
  8.000  10.000  0.60  0.80 -180.00 180.00  0.984665  0.000990         -99         -99         -99         -99
 10.000  15.000  0.60  0.80 -180.00 180.00  0.990834  0.000995         -99         -99         -99         -99
 15.000  20.000  0.60  0.80 -180.00 180.00  0.960252  0.003034         -99         -99         -99         -99
 20.000 500.000  0.60  0.80 -180.00 180.00  1.000000  0.033473         -99         -99         -99         -99
  7.000   8.000  0.80  1.20 -180.00 180.00  0.936000  0.000776         -99         -99         -99         -99
  8.000  10.000  0.80  1.20 -180.00 180.00  0.959693  0.000566         -99         -99         -99         -99
 10.000  15.000  0.80  1.20 -180.00 180.00  0.949012  0.000579         -99         -99         -99         -99
 15.000  20.000  0.80  1.20 -180.00 180.00  0.944461  0.001841         -99         -99         -99         -99
 20.000 500.000  0.80  1.20 -180.00 180.00  1.000000  0.021893         -99         -99         -99         -99
  7.000   8.000  1.20  1.40 -180.00 180.00  0.949615  0.001809         -99         -99         -99         -99
  8.000  10.000  1.20  1.40 -180.00 180.00  0.972671  0.001434         -99         -99         -99         -99
 10.000  15.000  1.20  1.40 -180.00 180.00  0.991072  0.001453         -99         -99         -99         -99
 15.000  20.000  1.20  1.40 -180.00 180.00  0.983606  0.005204         -99         -99         -99         -99
 20.000 500.000  1.20  1.40 -180.00 180.00  0.956483  0.012898         -99         -99         -99         -99
  7.000   8.000  1.40  1.60 -180.00 180.00  0.959980  0.001439         -99         -99         -99         -99
  8.000  10.000  1.40  1.60 -180.00 180.00  0.910547  0.001459         -99         -99         -99         -99
 10.000  15.000  1.40  1.60 -180.00 180.00  0.933348  0.001579         -99         -99         -99         -99
 15.000  20.000  1.40  1.60 -180.00 180.00  0.833312  0.004069         -99         -99         -99         -99
 20.000 500.000  1.40  1.60 -180.00 180.00  0.866021  0.015269         -99         -99         -99         -99
  7.000   8.000  1.60  1.80 -180.00 180.00  0.948981  0.001451         -99         -99         -99         -99
  8.000  10.000  1.60  1.80 -180.00 180.00  0.946144  0.002770         -99         -99         -99         -99
 10.000  15.000  1.60  1.80 -180.00 180.00  0.927009  0.002073         -99         -99         -99         -99
 15.000  20.000  1.60  1.80 -180.00 180.00  0.850030  0.005813         -99         -99         -99         -99
 20.000 500.000  1.60  1.80 -180.00 180.00  0.888852  0.000000         -99         -99         -99         -99
  7.000   8.000  1.80  2.00 -180.00 180.00  0.890291  0.003183         -99         -99         -99         -99
  8.000  10.000  1.80  2.00 -180.00 180.00  0.929662  0.002521         -99         -99         -99         -99
 10.000  15.000  1.80  2.00 -180.00 180.00  0.943546  0.002374         -99         -99         -99         -99
 15.000  20.000  1.80  2.00 -180.00 180.00  0.912765  0.009429         -99         -99         -99         -99
 20.000 500.000  1.80  2.00 -180.00 180.00  0.851089  0.032796         -99         -99         -99         -99
  7.000   8.000  2.00  2.20 -180.00 180.00  0.779516  0.002831         -99         -99         -99         -99
  8.000  10.000  2.00  2.20 -180.00 180.00  0.887497  0.003328         -99         -99         -99         -99
 10.000  15.000  2.00  2.20 -180.00 180.00  0.870980  0.002958         -99         -99         -99         -99
 15.000  20.000  2.00  2.20 -180.00 180.00  0.764700  0.010183         -99         -99         -99         -99
 20.000 500.000  2.00  2.20 -180.00 180.00  1.000000  0.135571         -99         -99         -99         -99
  7.000   8.000  2.20  2.50 -180.00 180.00  0.919982  0.011002         -99         -99         -99         -99
  8.000  10.000  2.20  2.50 -180.00 180.00  0.899972  0.006576         -99         -99         -99         -99
 10.000  15.000  2.20  2.50 -180.00 180.00  0.898880  0.007604         -99         -99         -99         -99
 15.000  20.000  2.20  2.50 -180.00 180.00  0.666667  0.017607         -99         -99         -99         -99
 20.000 500.000  2.20  2.50 -180.00 180.00  1.000000  0.301695         -99         -99         -99         -99
