# ====================================
# Summary for ./MuonID_mc_seagulls.dat
# ------------------------------------
# Number of cells:    110
# Number of pass :       -10890
# Number of total:       -10890
# -------------------------------
# min momentum:       4
# max momentum:       500
# min polar angle:    0
# max polar angle:    2.5
# -------------------------------
# min efficiency:       99
# max efficiency:       -1
# min error:            99
# max error:            -1
# -------------------------------
# <Efficiency>:       0.579818
#                 +/- 1.99838e-05
# <Delta Efficiency>: 8.57174e-05
# -------------------------------
  4.000   4.500  0.00  0.20 -180.00 180.00  0.650712  0.000146         -99         -99         -99         -99
  4.500   5.000  0.00  0.20 -180.00 180.00  0.755423  0.000334         -99         -99         -99         -99
  5.000   5.500  0.00  0.20 -180.00 180.00  0.831392  0.000578         -99         -99         -99         -99
  5.500   6.000  0.00  0.20 -180.00 180.00  0.880144  0.000843         -99         -99         -99         -99
  6.000   7.000  0.00  0.20 -180.00 180.00  0.894777  0.000532         -99         -99         -99         -99
  4.000   4.500  0.20  0.30 -180.00 180.00  0.357087  0.000436         -99         -99         -99         -99
  4.500   5.000  0.20  0.30 -180.00 180.00  0.505542  0.000082         -99         -99         -99         -99
  5.000   5.500  0.20  0.30 -180.00 180.00  0.598503  0.000213         -99         -99         -99         -99
  5.500   6.000  0.20  0.30 -180.00 180.00  0.701030  0.000735         -99         -99         -99         -99
  6.000   7.000  0.20  0.30 -180.00 180.00  0.779865  0.007039         -99         -99         -99         -99
  4.000   4.500  0.30  0.60 -180.00 180.00  0.692159  0.000128         -99         -99         -99         -99
  4.500   5.000  0.30  0.60 -180.00 180.00  0.795983  0.000262         -99         -99         -99         -99
  5.000   5.500  0.30  0.60 -180.00 180.00  0.833700  0.000368         -99         -99         -99         -99
  5.500   6.000  0.30  0.60 -180.00 180.00  0.883704  0.000557         -99         -99         -99         -99
  6.000   7.000  0.30  0.60 -180.00 180.00  0.880293  0.000349         -99         -99         -99         -99
  4.000   4.500  0.60  0.80 -180.00 180.00  0.652147  0.004051         -99         -99         -99         -99
  4.500   5.000  0.60  0.80 -180.00 180.00  0.734381  0.000355         -99         -99         -99         -99
  5.000   5.500  0.60  0.80 -180.00 180.00  0.828989  0.000531         -99         -99         -99         -99
  5.500   6.000  0.60  0.80 -180.00 180.00  0.850612  0.000779         -99         -99         -99         -99
  6.000   7.000  0.60  0.80 -180.00 180.00  0.860681  0.000568         -99         -99         -99         -99
  4.000   4.500  0.80  1.20 -180.00 180.00  0.611501  0.000034         -99         -99         -99         -99
  4.500   5.000  0.80  1.20 -180.00 180.00  0.741606  0.000142         -99         -99         -99         -99
  5.000   5.500  0.80  1.20 -180.00 180.00  0.763089  0.000219         -99         -99         -99         -99
  5.500   6.000  0.80  1.20 -180.00 180.00  0.811270  0.000330         -99         -99         -99         -99
  6.000   7.000  0.80  1.20 -180.00 180.00  0.825192  0.000229         -99         -99         -99         -99
  4.000   4.500  1.20  1.40 -180.00 180.00  0.732651  0.000254         -99         -99         -99         -99
  4.500   5.000  1.20  1.40 -180.00 180.00  0.820187  0.000538         -99         -99         -99         -99
  5.000   5.500  1.20  1.40 -180.00 180.00  0.865159  0.000686         -99         -99         -99         -99
  5.500   6.000  1.20  1.40 -180.00 180.00  0.829031  0.000858         -99         -99         -99         -99
  6.000   7.000  1.20  1.40 -180.00 180.00  0.892541  0.000594         -99         -99         -99         -99
  4.000   4.500  1.40  1.60 -180.00 180.00  0.744162  0.000346         -99         -99         -99         -99
  4.500   5.000  1.40  1.60 -180.00 180.00  0.779958  0.000432         -99         -99         -99         -99
  5.000   5.500  1.40  1.60 -180.00 180.00  0.815303  0.000320         -99         -99         -99         -99
  5.500   6.000  1.40  1.60 -180.00 180.00  0.763541  0.000499         -99         -99         -99         -99
  6.000   7.000  1.40  1.60 -180.00 180.00  0.871428  0.000683         -99         -99         -99         -99
  4.000   4.500  1.60  1.80 -180.00 180.00  0.795548  0.000362         -99         -99         -99         -99
  4.500   5.000  1.60  1.80 -180.00 180.00  0.734482  0.000323         -99         -99         -99         -99
  5.000   5.500  1.60  1.80 -180.00 180.00  0.775580  0.000651         -99         -99         -99         -99
  5.500   6.000  1.60  1.80 -180.00 180.00  0.814251  0.000894         -99         -99         -99         -99
  6.000   7.000  1.60  1.80 -180.00 180.00  0.809284  0.000672         -99         -99         -99         -99
  4.000   4.500  1.80  2.00 -180.00 180.00  0.932672  0.000848         -99         -99         -99         -99
  4.500   5.000  1.80  2.00 -180.00 180.00  0.817198  0.000662         -99         -99         -99         -99
  5.000   5.500  1.80  2.00 -180.00 180.00  0.867629  0.001043         -99         -99         -99         -99
  5.500   6.000  1.80  2.00 -180.00 180.00  0.954730  0.001362         -99         -99         -99         -99
  6.000   7.000  1.80  2.00 -180.00 180.00  0.939679  0.000877         -99         -99         -99         -99
  4.000   4.500  2.00  2.20 -180.00 180.00  0.901752  0.000587         -99         -99         -99         -99
  4.500   5.000  2.00  2.20 -180.00 180.00  0.882483  0.001112         -99         -99         -99         -99
  5.000   5.500  2.00  2.20 -180.00 180.00  0.901200  0.001255         -99         -99         -99         -99
  5.500   6.000  2.00  2.20 -180.00 180.00  0.847626  0.018019         -99         -99         -99         -99
  6.000   7.000  2.00  2.20 -180.00 180.00  0.909438  0.001152         -99         -99         -99         -99
  4.000   4.500  2.20  2.50 -180.00 180.00  0.850641  0.001198         -99         -99         -99         -99
  4.500   5.000  2.20  2.50 -180.00 180.00  0.775939  0.000879         -99         -99         -99         -99
  5.000   5.500  2.20  2.50 -180.00 180.00  0.901458  0.003156         -99         -99         -99         -99
  5.500   6.000  2.20  2.50 -180.00 180.00  0.946535  0.002757         -99         -99         -99         -99
  6.000   7.000  2.20  2.50 -180.00 180.00  0.951210  0.003154         -99         -99         -99         -99
  7.000   8.000  0.00  0.20 -180.00 180.00  0.912975  0.002160         -99         -99         -99         -99
  8.000  10.000  0.00  0.20 -180.00 180.00  0.922398  0.001370         -99         -99         -99         -99
 10.000  15.000  0.00  0.20 -180.00 180.00  0.880446  0.001022         -99         -99         -99         -99
 15.000  20.000  0.00  0.20 -180.00 180.00  0.897369  0.005003         -99         -99         -99         -99
 20.000 500.000  0.00  0.20 -180.00 180.00  0.928470  0.011593         -99         -99         -99         -99
  7.000   8.000  0.20  0.30 -180.00 180.00  0.777204  0.002199         -99         -99         -99         -99
  8.000  10.000  0.20  0.30 -180.00 180.00  0.799356  0.001793         -99         -99         -99         -99
 10.000  15.000  0.20  0.30 -180.00 180.00  0.822071  0.000000         -99         -99         -99         -99
 15.000  20.000  0.20  0.30 -180.00 180.00  0.651858  0.002060         -99         -99         -99         -99
 20.000 500.000  0.20  0.30 -180.00 180.00  0.500031  0.000030         -99         -99         -99         -99
  7.000   8.000  0.30  0.60 -180.00 180.00  0.902237  0.001533         -99         -99         -99         -99
  8.000  10.000  0.30  0.60 -180.00 180.00  0.927588  0.000821         -99         -99         -99         -99
 10.000  15.000  0.30  0.60 -180.00 180.00  0.935015  0.000829         -99         -99         -99         -99
 15.000  20.000  0.30  0.60 -180.00 180.00  0.951967  0.002542         -99         -99         -99         -99
 20.000 500.000  0.30  0.60 -180.00 180.00  0.774461  0.004567         -99         -99         -99         -99
  7.000   8.000  0.60  0.80 -180.00 180.00  0.873309  0.001863         -99         -99         -99         -99
  8.000  10.000  0.60  0.80 -180.00 180.00  0.889436  0.001255         -99         -99         -99         -99
 10.000  15.000  0.60  0.80 -180.00 180.00  0.953037  0.001340         -99         -99         -99         -99
 15.000  20.000  0.60  0.80 -180.00 180.00  1.000000  0.014610         -99         -99         -99         -99
 20.000 500.000  0.60  0.80 -180.00 180.00  1.000000  0.019302         -99         -99         -99         -99
  7.000   8.000  0.80  1.20 -180.00 180.00  0.872692  0.000852         -99         -99         -99         -99
  8.000  10.000  0.80  1.20 -180.00 180.00  0.885165  0.000577         -99         -99         -99         -99
 10.000  15.000  0.80  1.20 -180.00 180.00  0.874955  0.000589         -99         -99         -99         -99
 15.000  20.000  0.80  1.20 -180.00 180.00  0.834656  0.001470         -99         -99         -99         -99
 20.000 500.000  0.80  1.20 -180.00 180.00  0.744783  0.003212         -99         -99         -99         -99
  7.000   8.000  1.20  1.40 -180.00 180.00  0.871471  0.001793         -99         -99         -99         -99
  8.000  10.000  1.20  1.40 -180.00 180.00  0.910403  0.001664         -99         -99         -99         -99
 10.000  15.000  1.20  1.40 -180.00 180.00  0.904788  0.001260         -99         -99         -99         -99
 15.000  20.000  1.20  1.40 -180.00 180.00  0.912441  0.003361         -99         -99         -99         -99
 20.000 500.000  1.20  1.40 -180.00 180.00  0.687318  0.003790         -99         -99         -99         -99
  7.000   8.000  1.40  1.60 -180.00 180.00  0.870869  0.002101         -99         -99         -99         -99
  8.000  10.000  1.40  1.60 -180.00 180.00  0.859379  0.001342         -99         -99         -99         -99
 10.000  15.000  1.40  1.60 -180.00 180.00  0.786547  0.001014         -99         -99         -99         -99
 15.000  20.000  1.40  1.60 -180.00 180.00  0.767749  0.001920         -99         -99         -99         -99
 20.000 500.000  1.40  1.60 -180.00 180.00  0.825342  0.009345         -99         -99         -99         -99
  7.000   8.000  1.60  1.80 -180.00 180.00  0.812676  0.002238         -99         -99         -99         -99
  8.000  10.000  1.60  1.80 -180.00 180.00  0.815774  0.001315         -99         -99         -99         -99
 10.000  15.000  1.60  1.80 -180.00 180.00  0.819388  0.001312         -99         -99         -99         -99
 15.000  20.000  1.60  1.80 -180.00 180.00  0.828520  0.003480         -99         -99         -99         -99
 20.000 500.000  1.60  1.80 -180.00 180.00  0.529593  0.001315         -99         -99         -99         -99
  7.000   8.000  1.80  2.00 -180.00 180.00  0.852041  0.002252         -99         -99         -99         -99
  8.000  10.000  1.80  2.00 -180.00 180.00  0.918288  0.002189         -99         -99         -99         -99
 10.000  15.000  1.80  2.00 -180.00 180.00  0.859450  0.001740         -99         -99         -99         -99
 15.000  20.000  1.80  2.00 -180.00 180.00  0.975708  0.014766         -99         -99         -99         -99
 20.000 500.000  1.80  2.00 -180.00 180.00  1.000000  0.047581         -99         -99         -99         -99
  7.000   8.000  2.00  2.20 -180.00 180.00  0.900248  0.002757         -99         -99         -99         -99
  8.000  10.000  2.00  2.20 -180.00 180.00  0.914808  0.003696         -99         -99         -99         -99
 10.000  15.000  2.00  2.20 -180.00 180.00  1.000000  0.015838         -99         -99         -99         -99
 15.000  20.000  2.00  2.20 -180.00 180.00  1.000000  0.019947         -99         -99         -99         -99
 20.000 500.000  2.00  2.20 -180.00 180.00  0.857143  0.032378         -99         -99         -99         -99
  7.000   8.000  2.20  2.50 -180.00 180.00  0.997472  0.042480         -99         -99         -99         -99
  8.000  10.000  2.20  2.50 -180.00 180.00  1.000000  0.030988         -99         -99         -99         -99
 10.000  15.000  2.20  2.50 -180.00 180.00  0.862244  0.005697         -99         -99         -99         -99
 15.000  20.000  2.20  2.50 -180.00 180.00  1.000000  0.079731         -99         -99         -99         -99
 20.000 500.000  2.20  2.50 -180.00 180.00  1.000000  0.301695         -99         -99         -99         -99
