# ======================================================================
# Summary for luca/H2D_L3Efficiency_GlbTM_ProbeTrackMatched_data_all.dat
# ----------------------------------------------------------------------
# Number of cells:    120
# Number of pass :       -11880
# Number of total:       -11880
# -------------------------------
# min momentum:       2
# max momentum:       30
# min polar angle:    0
# max polar angle:    2.4
# -------------------------------
# min efficiency:       99
# max efficiency:       -1
# min error:            99
# max error:            -1
# -------------------------------
# <Efficiency>:       0.999967
#                 +/- 1.78232e-05
# <Delta Efficiency>: 0.000105584
# -------------------------------
 2.000  2.500  0.00  0.20 -180.00 180.00  0.000000  0.000000         -99         -99         -99         -99
 2.500  3.000  0.00  0.20 -180.00 180.00  0.000000  0.000000         -99         -99         -99         -99
 3.000  3.500  0.00  0.20 -180.00 180.00  0.075125  0.025530         -99         -99         -99         -99
 3.500  4.000  0.00  0.20 -180.00 180.00  0.445502  0.016589         -99         -99         -99         -99
 4.000  4.500  0.00  0.20 -180.00 180.00  0.764784  0.011732         -99         -99         -99         -99
 4.500  5.000  0.00  0.20 -180.00 180.00  0.869535  0.009325         -99         -99         -99         -99
 5.000  5.500  0.00  0.20 -180.00 180.00  0.934249  0.007697         -99         -99         -99         -99
 5.500  6.000  0.00  0.20 -180.00 180.00  0.980299  0.012269         -99         -99         -99         -99
 6.000  7.000  0.00  0.20 -180.00 180.00  0.989914  0.002602         -99         -99         -99         -99
 7.000  9.000  0.00  0.20 -180.00 180.00  1.000000  0.000151         -99         -99         -99         -99
 9.000 11.000  0.00  0.20 -180.00 180.00  0.998816  0.001221         -99         -99         -99         -99
11.000 14.000  0.00  0.20 -180.00 180.00  1.000000  0.000097         -99         -99         -99         -99
14.000 17.000  0.00  0.20 -180.00 180.00  0.900000  0.252441         -99         -99         -99         -99
17.000 20.000  0.00  0.20 -180.00 180.00  1.000000  0.000097         -99         -99         -99         -99
20.000 300.00  0.00  0.20 -180.00 180.00  1.000000  0.000097         -99         -99         -99         -99
 2.000  2.500  0.20  0.30 -180.00 180.00  0.000000  0.000000         -99         -99         -99         -99
 2.500  3.000  0.20  0.30 -180.00 180.00  0.000000  0.000000         -99         -99         -99         -99
 3.000  3.500  0.20  0.30 -180.00 180.00  0.114739  0.064681         -99         -99         -99         -99
 3.500  4.000  0.20  0.30 -180.00 180.00  0.556450  0.037972         -99         -99         -99         -99
 4.000  4.500  0.20  0.30 -180.00 180.00  0.842923  0.019478         -99         -99         -99         -99
 4.500  5.000  0.20  0.30 -180.00 180.00  0.912520  0.014445         -99         -99         -99         -99
 5.000  5.500  0.20  0.30 -180.00 180.00  0.949881  0.010926         -99         -99         -99         -99
 5.500  6.000  0.20  0.30 -180.00 180.00  0.979213  0.007912         -99         -99         -99         -99
 6.000  7.000  0.20  0.30 -180.00 180.00  0.987264  0.004800         -99         -99         -99         -99
 7.000  9.000  0.20  0.30 -180.00 180.00  0.900000  0.252441         -99         -99         -99         -99
 9.000 11.000  0.20  0.30 -180.00 180.00  1.000000  0.000768         -99         -99         -99         -99
11.000 14.000  0.20  0.30 -180.00 180.00  1.000000  0.000097         -99         -99         -99         -99
14.000 17.000  0.20  0.30 -180.00 180.00  1.000000  0.000097         -99         -99         -99         -99
17.000 20.000  0.20  0.30 -180.00 180.00  1.000000  0.000097         -99         -99         -99         -99
20.000 300.00  0.20  0.30 -180.00 180.00  1.000000  0.000097         -99         -99         -99         -99
 2.000  2.500  0.30  0.60 -180.00 180.00  0.000000  0.000000         -99         -99         -99         -99
 2.500  3.000  0.30  0.60 -180.00 180.00  0.000000  0.000000         -99         -99         -99         -99
 3.000  3.500  0.30  0.60 -180.00 180.00  0.213504  0.026305         -99         -99         -99         -99
 3.500  4.000  0.30  0.60 -180.00 180.00  0.477565  0.011985         -99         -99         -99         -99
 4.000  4.500  0.30  0.60 -180.00 180.00  0.735483  0.009250         -99         -99         -99         -99
 4.500  5.000  0.30  0.60 -180.00 180.00  0.914880  0.006217         -99         -99         -99         -99
 5.000  5.500  0.30  0.60 -180.00 180.00  0.983082  0.003191         -99         -99         -99         -99
 5.500  6.000  0.30  0.60 -180.00 180.00  0.991290  0.002474         -99         -99         -99         -99
 6.000  7.000  0.30  0.60 -180.00 180.00  0.997004  0.001172         -99         -99         -99         -99
 7.000  9.000  0.30  0.60 -180.00 180.00  0.999622  0.000446         -99         -99         -99         -99
 9.000 11.000  0.30  0.60 -180.00 180.00  0.900000  0.252441         -99         -99         -99         -99
11.000 14.000  0.30  0.60 -180.00 180.00  0.900000  0.252441         -99         -99         -99         -99
14.000 17.000  0.30  0.60 -180.00 180.00  1.000000  0.000097         -99         -99         -99         -99
17.000 20.000  0.30  0.60 -180.00 180.00  1.000000  0.000097         -99         -99         -99         -99
20.000 300.00  0.30  0.60 -180.00 180.00  1.000000  0.000097         -99         -99         -99         -99
 2.000  2.500  0.60  0.80 -180.00 180.00  0.000000  0.000000         -99         -99         -99         -99
 2.500  3.000  0.60  0.80 -180.00 180.00  0.000000  0.000000         -99         -99         -99         -99
 3.000  3.500  0.60  0.80 -180.00 180.00  0.274687  0.034940         -99         -99         -99         -99
 3.500  4.000  0.60  0.80 -180.00 180.00  0.614652  0.015286         -99         -99         -99         -99
 4.000  4.500  0.60  0.80 -180.00 180.00  0.856577  0.009740         -99         -99         -99         -99
 4.500  5.000  0.60  0.80 -180.00 180.00  0.968232  0.004912         -99         -99         -99         -99
 5.000  5.500  0.60  0.80 -180.00 180.00  0.981719  0.004120         -99         -99         -99         -99
 5.500  6.000  0.60  0.80 -180.00 180.00  0.995394  0.002333         -99         -99         -99         -99
 6.000  7.000  0.60  0.80 -180.00 180.00  0.993207  0.002398         -99         -99         -99         -99
 7.000  9.000  0.60  0.80 -180.00 180.00  0.998771  0.000930         -99         -99         -99         -99
 9.000 11.000  0.60  0.80 -180.00 180.00  0.900000  0.252441         -99         -99         -99         -99
11.000 14.000  0.60  0.80 -180.00 180.00  1.000000  0.000097         -99         -99         -99         -99
14.000 17.000  0.60  0.80 -180.00 180.00  1.000000  0.000097         -99         -99         -99         -99
17.000 20.000  0.60  0.80 -180.00 180.00  1.000000  0.000097         -99         -99         -99         -99
20.000 300.00  0.60  0.80 -180.00 180.00  1.000000  0.000097         -99         -99         -99         -99
 2.000  2.500  0.80  1.20 -180.00 180.00  0.000000  0.000000         -99         -99         -99         -99
 2.500  3.000  0.80  1.20 -180.00 180.00  0.900000  0.252441         -99         -99         -99         -99
 3.000  3.500  0.80  1.20 -180.00 180.00  0.419440  0.022417         -99         -99         -99         -99
 3.500  4.000  0.80  1.20 -180.00 180.00  0.664811  0.009844         -99         -99         -99         -99
 4.000  4.500  0.80  1.20 -180.00 180.00  0.894513  0.005931         -99         -99         -99         -99
 4.500  5.000  0.80  1.20 -180.00 180.00  0.965171  0.003875         -99         -99         -99         -99
 5.000  5.500  0.80  1.20 -180.00 180.00  0.976861  0.003484         -99         -99         -99         -99
 5.500  6.000  0.80  1.20 -180.00 180.00  0.987196  0.002956         -99         -99         -99         -99
 6.000  7.000  0.80  1.20 -180.00 180.00  0.992467  0.001914         -99         -99         -99         -99
 7.000  9.000  0.80  1.20 -180.00 180.00  0.996481  0.001214         -99         -99         -99         -99
 9.000 11.000  0.80  1.20 -180.00 180.00  0.997485  0.001449         -99         -99         -99         -99
11.000 14.000  0.80  1.20 -180.00 180.00  1.000000  0.000097         -99         -99         -99         -99
14.000 17.000  0.80  1.20 -180.00 180.00  0.997148  0.002938         -99         -99         -99         -99
17.000 20.000  0.80  1.20 -180.00 180.00  1.000000  0.000097         -99         -99         -99         -99
20.000 300.00  0.80  1.20 -180.00 180.00  1.000000  0.000097         -99         -99         -99         -99
 2.000  2.500  1.20  1.60 -180.00 180.00  0.584526  0.051532         -99         -99         -99         -99
 2.500  3.000  1.20  1.60 -180.00 180.00  0.829595  0.008322         -99         -99         -99         -99
 3.000  3.500  1.20  1.60 -180.00 180.00  0.912403  0.004686         -99         -99         -99         -99
 3.500  4.000  1.20  1.60 -180.00 180.00  0.970178  0.002948         -99         -99         -99         -99
 4.000  4.500  1.20  1.60 -180.00 180.00  0.984388  0.002354         -99         -99         -99         -99
 4.500  5.000  1.20  1.60 -180.00 180.00  0.990263  0.002043         -99         -99         -99         -99
 5.000  5.500  1.20  1.60 -180.00 180.00  0.992179  0.002122         -99         -99         -99         -99
 5.500  6.000  1.20  1.60 -180.00 180.00  0.993926  0.002098         -99         -99         -99         -99
 6.000  7.000  1.20  1.60 -180.00 180.00  0.992458  0.002079         -99         -99         -99         -99
 7.000  9.000  1.20  1.60 -180.00 180.00  0.998396  0.001169         -99         -99         -99         -99
 9.000 11.000  1.20  1.60 -180.00 180.00  0.997145  0.001664         -99         -99         -99         -99
11.000 14.000  1.20  1.60 -180.00 180.00  0.900000  0.252441         -99         -99         -99         -99
14.000 17.000  1.20  1.60 -180.00 180.00  1.000000  0.000097         -99         -99         -99         -99
17.000 20.000  1.20  1.60 -180.00 180.00  1.000000  0.000097         -99         -99         -99         -99
20.000 300.00  1.20  1.60 -180.00 180.00  1.000000  0.000097         -99         -99         -99         -99
 2.000  2.500  1.60  2.10 -180.00 180.00  0.870270  0.008386         -99         -99         -99         -99
 2.500  3.000  1.60  2.10 -180.00 180.00  0.935839  0.004666         -99         -99         -99         -99
 3.000  3.500  1.60  2.10 -180.00 180.00  0.979800  0.002534         -99         -99         -99         -99
 3.500  4.000  1.60  2.10 -180.00 180.00  0.990711  0.001790         -99         -99         -99         -99
 4.000  4.500  1.60  2.10 -180.00 180.00  0.993168  0.001778         -99         -99         -99         -99
 4.500  5.000  1.60  2.10 -180.00 180.00  0.995268  0.001579         -99         -99         -99         -99
 5.000  5.500  1.60  2.10 -180.00 180.00  0.997213  0.001620         -99         -99         -99         -99
 5.500  6.000  1.60  2.10 -180.00 180.00  0.999026  0.001291         -99         -99         -99         -99
 6.000  7.000  1.60  2.10 -180.00 180.00  0.993368  0.002269         -99         -99         -99         -99
 7.000  9.000  1.60  2.10 -180.00 180.00  0.997835  0.001162         -99         -99         -99         -99
 9.000 11.000  1.60  2.10 -180.00 180.00  0.997366  0.001884         -99         -99         -99         -99
11.000 14.000  1.60  2.10 -180.00 180.00  1.000000  0.000097         -99         -99         -99         -99
14.000 17.000  1.60  2.10 -180.00 180.00  1.000000  0.000097         -99         -99         -99         -99
17.000 20.000  1.60  2.10 -180.00 180.00  1.000000  0.000097         -99         -99         -99         -99
20.000 300.00  1.60  2.10 -180.00 180.00  1.000000  0.000097         -99         -99         -99         -99
 2.000  2.500  2.10  2.40 -180.00 180.00  0.933101  0.009835         -99         -99         -99         -99
 2.500  3.000  2.10  2.40 -180.00 180.00  0.966432  0.006491         -99         -99         -99         -99
 3.000  3.500  2.10  2.40 -180.00 180.00  0.981278  0.004833         -99         -99         -99         -99
 3.500  4.000  2.10  2.40 -180.00 180.00  0.987966  0.004874         -99         -99         -99         -99
 4.000  4.500  2.10  2.40 -180.00 180.00  0.993853  0.004044         -99         -99         -99         -99
 4.500  5.000  2.10  2.40 -180.00 180.00  0.996025  0.003894         -99         -99         -99         -99
 5.000  5.500  2.10  2.40 -180.00 180.00  0.900000  0.252441         -99         -99         -99         -99
 5.500  6.000  2.10  2.40 -180.00 180.00  0.984495  0.007816         -99         -99         -99         -99
 6.000  7.000  2.10  2.40 -180.00 180.00  0.900000  0.252441         -99         -99         -99         -99
 7.000  9.000  2.10  2.40 -180.00 180.00  1.000000  0.000831         -99         -99         -99         -99
 9.000 11.000  2.10  2.40 -180.00 180.00  1.000000  0.000097         -99         -99         -99         -99
11.000 14.000  2.10  2.40 -180.00 180.00  1.000000  0.000097         -99         -99         -99         -99
14.000 17.000  2.10  2.40 -180.00 180.00  1.000000  0.000097         -99         -99         -99         -99
17.000 20.000  2.10  2.40 -180.00 180.00  1.000000  0.000097         -99         -99         -99         -99
20.000 300.00  2.10  2.40 -180.00 180.00  1.000000  0.000097         -99         -99         -99         -99
