# ==========================================================================
# Summary for luca/H2D_MuonIDEfficiency_GlbTM_ProbeTrackMatched_data_all.dat
# --------------------------------------------------------------------------
# Number of cells:    120
# Number of pass :       -11880
# Number of total:       -11880
# -------------------------------
# min momentum:       2
# max momentum:       30
# min polar angle:    0
# max polar angle:    2.4
# -------------------------------
# min efficiency:       99
# max efficiency:       -1
# min error:            99
# max error:            -1
# -------------------------------
# <Efficiency>:       0.250328
#                 +/- 2.7984e-05
# <Delta Efficiency>: 0.0001008
# -------------------------------
 2.000  2.500  0.00  0.20 -180.00 180.00  0.000000  0.000097         -99         -99         -99         -99
 2.500  3.000  0.00  0.20 -180.00 180.00  0.000000  0.000097         -99         -99         -99         -99
 3.000  3.500  0.00  0.20 -180.00 180.00  0.098688  0.011633         -99         -99         -99         -99
 3.500  4.000  0.00  0.20 -180.00 180.00  0.667239  0.079147         -99         -99         -99         -99
 4.000  4.500  0.00  0.20 -180.00 180.00  0.909925  0.035132         -99         -99         -99         -99
 4.500  5.000  0.00  0.20 -180.00 180.00  0.923187  0.041203         -99         -99         -99         -99
 5.000  5.500  0.00  0.20 -180.00 180.00  0.947865  0.038200         -99         -99         -99         -99
 5.500  6.000  0.00  0.20 -180.00 180.00  0.949045  0.036614         -99         -99         -99         -99
 6.000  7.000  0.00  0.20 -180.00 180.00  0.999856  0.012977         -99         -99         -99         -99
 7.000  9.000  0.00  0.20 -180.00 180.00  0.997663  0.009752         -99         -99         -99         -99
 9.000 11.000  0.00  0.20 -180.00 180.00  0.993624  0.013837         -99         -99         -99         -99
11.000 14.000  0.00  0.20 -180.00 180.00  0.970202  0.025901         -99         -99         -99         -99
14.000 17.000  0.00  0.20 -180.00 180.00  0.977084  0.033616         -99         -99         -99         -99
17.000 20.000  0.00  0.20 -180.00 180.00  0.833244  0.087941         -99         -99         -99         -99
20.000 300.00  0.00  0.20 -180.00 180.00  0.946662  0.059316         -99         -99         -99         -99
 2.000  2.500  0.20  0.30 -180.00 180.00  0.000000  0.000097         -99         -99         -99         -99
 2.500  3.000  0.20  0.30 -180.00 180.00  0.000000  0.000097         -99         -99         -99         -99
 3.000  3.500  0.20  0.30 -180.00 180.00  0.063812  0.014435         -99         -99         -99         -99
 3.500  4.000  0.20  0.30 -180.00 180.00  0.395410  0.037024         -99         -99         -99         -99
 4.000  4.500  0.20  0.30 -180.00 180.00  0.686696  0.055110         -99         -99         -99         -99
 4.500  5.000  0.20  0.30 -180.00 180.00  0.688889  0.052324         -99         -99         -99         -99
 5.000  5.500  0.20  0.30 -180.00 180.00  0.814747  0.059788         -99         -99         -99         -99
 5.500  6.000  0.20  0.30 -180.00 180.00  0.877511  0.071459         -99         -99         -99         -99
 6.000  7.000  0.20  0.30 -180.00 180.00  0.917682  0.047723         -99         -99         -99         -99
 7.000  9.000  0.20  0.30 -180.00 180.00  0.991599  0.019413         -99         -99         -99         -99
 9.000 11.000  0.20  0.30 -180.00 180.00  0.954969  0.039090         -99         -99         -99         -99
11.000 14.000  0.20  0.30 -180.00 180.00  0.999984  0.049257         -99         -99         -99         -99
14.000 17.000  0.20  0.30 -180.00 180.00  0.902026  0.082783         -99         -99         -99         -99
17.000 20.000  0.20  0.30 -180.00 180.00  1.000000  0.000097         -99         -99         -99         -99
20.000 300.00  0.20  0.30 -180.00 180.00  0.900000  0.252441         -99         -99         -99         -99
 2.000  2.500  0.30  0.60 -180.00 180.00  0.000000  0.000097         -99         -99         -99         -99
 2.500  3.000  0.30  0.60 -180.00 180.00  0.000000  0.000097         -99         -99         -99         -99
 3.000  3.500  0.30  0.60 -180.00 180.00  0.182950  0.013470         -99         -99         -99         -99
 3.500  4.000  0.30  0.60 -180.00 180.00  0.748572  0.025854         -99         -99         -99         -99
 4.000  4.500  0.30  0.60 -180.00 180.00  0.871379  0.028337         -99         -99         -99         -99
 4.500  5.000  0.30  0.60 -180.00 180.00  0.929351  0.031457         -99         -99         -99         -99
 5.000  5.500  0.30  0.60 -180.00 180.00  0.975265  0.029464         -99         -99         -99         -99
 5.500  6.000  0.30  0.60 -180.00 180.00  0.944114  0.032122         -99         -99         -99         -99
 6.000  7.000  0.30  0.60 -180.00 180.00  0.976976  0.024595         -99         -99         -99         -99
 7.000  9.000  0.30  0.60 -180.00 180.00  1.000000  0.002439         -99         -99         -99         -99
 9.000 11.000  0.30  0.60 -180.00 180.00  1.000000  0.004557         -99         -99         -99         -99
11.000 14.000  0.30  0.60 -180.00 180.00  0.973904  0.023957         -99         -99         -99         -99
14.000 17.000  0.30  0.60 -180.00 180.00  0.963738  0.035816         -99         -99         -99         -99
17.000 20.000  0.30  0.60 -180.00 180.00  0.937974  0.073099         -99         -99         -99         -99
20.000 300.00  0.30  0.60 -180.00 180.00  0.900000  0.252441         -99         -99         -99         -99
 2.000  2.500  0.60  0.80 -180.00 180.00  0.000000  0.000097         -99         -99         -99         -99
 2.500  3.000  0.60  0.80 -180.00 180.00  0.000000  0.000097         -99         -99         -99         -99
 3.000  3.500  0.60  0.80 -180.00 180.00  0.193275  0.017682         -99         -99         -99         -99
 3.500  4.000  0.60  0.80 -180.00 180.00  0.657182  0.030179         -99         -99         -99         -99
 4.000  4.500  0.60  0.80 -180.00 180.00  0.926691  0.040426         -99         -99         -99         -99
 4.500  5.000  0.60  0.80 -180.00 180.00  0.912285  0.038965         -99         -99         -99         -99
 5.000  5.500  0.60  0.80 -180.00 180.00  1.000000  0.017186         -99         -99         -99         -99
 5.500  6.000  0.60  0.80 -180.00 180.00  0.999158  0.025520         -99         -99         -99         -99
 6.000  7.000  0.60  0.80 -180.00 180.00  0.960664  0.037218         -99         -99         -99         -99
 7.000  9.000  0.60  0.80 -180.00 180.00  0.999718  0.008806         -99         -99         -99         -99
 9.000 11.000  0.60  0.80 -180.00 180.00  0.976163  0.026632         -99         -99         -99         -99
11.000 14.000  0.60  0.80 -180.00 180.00  0.999987  0.011962         -99         -99         -99         -99
14.000 17.000  0.60  0.80 -180.00 180.00  0.954296  0.038383         -99         -99         -99         -99
17.000 20.000  0.60  0.80 -180.00 180.00  1.000000  0.016437         -99         -99         -99         -99
20.000 300.00  0.60  0.80 -180.00 180.00  0.934474  0.124641         -99         -99         -99         -99
 2.000  2.500  0.80  1.20 -180.00 180.00  0.000000  0.000097         -99         -99         -99         -99
 2.500  3.000  0.80  1.20 -180.00 180.00  0.012629  0.007741         -99         -99         -99         -99
 3.000  3.500  0.80  1.20 -180.00 180.00  0.206281  0.013240         -99         -99         -99         -99
 3.500  4.000  0.80  1.20 -180.00 180.00  0.717540  0.038742         -99         -99         -99         -99
 4.000  4.500  0.80  1.20 -180.00 180.00  0.953410  0.032376         -99         -99         -99         -99
 4.500  5.000  0.80  1.20 -180.00 180.00  0.938004  0.033018         -99         -99         -99         -99
 5.000  5.500  0.80  1.20 -180.00 180.00  0.996115  0.019534         -99         -99         -99         -99
 5.500  6.000  0.80  1.20 -180.00 180.00  0.967098  0.034042         -99         -99         -99         -99
 6.000  7.000  0.80  1.20 -180.00 180.00  0.949104  0.026816         -99         -99         -99         -99
 7.000  9.000  0.80  1.20 -180.00 180.00  1.000000  0.002539         -99         -99         -99         -99
 9.000 11.000  0.80  1.20 -180.00 180.00  0.998199  0.008900         -99         -99         -99         -99
11.000 14.000  0.80  1.20 -180.00 180.00  1.000000  0.010272         -99         -99         -99         -99
14.000 17.000  0.80  1.20 -180.00 180.00  0.921459  0.041785         -99         -99         -99         -99
17.000 20.000  0.80  1.20 -180.00 180.00  0.989034  0.024244         -99         -99         -99         -99
20.000 300.00  0.80  1.20 -180.00 180.00  0.943195  0.077974         -99         -99         -99         -99
 2.000  2.500  1.20  1.60 -180.00 180.00  0.190413  0.012303         -99         -99         -99         -99
 2.500  3.000  1.20  1.60 -180.00 180.00  0.524261  0.033177         -99         -99         -99         -99
 3.000  3.500  1.20  1.60 -180.00 180.00  0.807722  0.030885         -99         -99         -99         -99
 3.500  4.000  1.20  1.60 -180.00 180.00  0.978589  0.029094         -99         -99         -99         -99
 4.000  4.500  1.20  1.60 -180.00 180.00  0.842201  0.016915         -99         -99         -99         -99
 4.500  5.000  1.20  1.60 -180.00 180.00  0.869891  0.035937         -99         -99         -99         -99
 5.000  5.500  1.20  1.60 -180.00 180.00  0.944411  0.048653         -99         -99         -99         -99
 5.500  6.000  1.20  1.60 -180.00 180.00  0.837336  0.043137         -99         -99         -99         -99
 6.000  7.000  1.20  1.60 -180.00 180.00  0.963164  0.045928         -99         -99         -99         -99
 7.000  9.000  1.20  1.60 -180.00 180.00  1.000000  0.005663         -99         -99         -99         -99
 9.000 11.000  1.20  1.60 -180.00 180.00  1.000000  0.005889         -99         -99         -99         -99
11.000 14.000  1.20  1.60 -180.00 180.00  0.928282  0.032344         -99         -99         -99         -99
14.000 17.000  1.20  1.60 -180.00 180.00  0.966377  0.034138         -99         -99         -99         -99
17.000 20.000  1.20  1.60 -180.00 180.00  0.931902  0.087940         -99         -99         -99         -99
20.000 300.00  1.20  1.60 -180.00 180.00  0.950081  0.049446         -99         -99         -99         -99
 2.000  2.500  1.60  2.10 -180.00 180.00  0.664354  0.032786         -99         -99         -99         -99
 2.500  3.000  1.60  2.10 -180.00 180.00  0.902858  0.042707         -99         -99         -99         -99
 3.000  3.500  1.60  2.10 -180.00 180.00  0.844984  0.034517         -99         -99         -99         -99
 3.500  4.000  1.60  2.10 -180.00 180.00  0.912007  0.042339         -99         -99         -99         -99
 4.000  4.500  1.60  2.10 -180.00 180.00  0.897617  0.042714         -99         -99         -99         -99
 4.500  5.000  1.60  2.10 -180.00 180.00  0.920283  0.042586         -99         -99         -99         -99
 5.000  5.500  1.60  2.10 -180.00 180.00  0.893975  0.046871         -99         -99         -99         -99
 5.500  6.000  1.60  2.10 -180.00 180.00  0.945290  0.054675         -99         -99         -99         -99
 6.000  7.000  1.60  2.10 -180.00 180.00  0.936505  0.035426         -99         -99         -99         -99
 7.000  9.000  1.60  2.10 -180.00 180.00  0.953855  0.028853         -99         -99         -99         -99
 9.000 11.000  1.60  2.10 -180.00 180.00  0.897648  0.040029         -99         -99         -99         -99
11.000 14.000  1.60  2.10 -180.00 180.00  0.896356  0.042161         -99         -99         -99         -99
14.000 17.000  1.60  2.10 -180.00 180.00  1.000000  0.027617         -99         -99         -99         -99
17.000 20.000  1.60  2.10 -180.00 180.00  0.900000  0.252441         -99         -99         -99         -99
20.000 300.00  1.60  2.10 -180.00 180.00  0.999998  0.074488         -99         -99         -99         -99
 2.000  2.500  2.10  2.40 -180.00 180.00  0.823273  0.071776         -99         -99         -99         -99
 2.500  3.000  2.10  2.40 -180.00 180.00  0.923530  0.078317         -99         -99         -99         -99
 3.000  3.500  2.10  2.40 -180.00 180.00  0.989283  0.049317         -99         -99         -99         -99
 3.500  4.000  2.10  2.40 -180.00 180.00  1.000000  0.013068         -99         -99         -99         -99
 4.000  4.500  2.10  2.40 -180.00 180.00  0.836645  0.084133         -99         -99         -99         -99
 4.500  5.000  2.10  2.40 -180.00 180.00  1.000000  0.030664         -99         -99         -99         -99
 5.000  5.500  2.10  2.40 -180.00 180.00  0.763821  0.098770         -99         -99         -99         -99
 5.500  6.000  2.10  2.40 -180.00 180.00  0.824255  0.112401         -99         -99         -99         -99
 6.000  7.000  2.10  2.40 -180.00 180.00  0.977595  0.061515         -99         -99         -99         -99
 7.000  9.000  2.10  2.40 -180.00 180.00  1.000000  0.013679         -99         -99         -99         -99
 9.000 11.000  2.10  2.40 -180.00 180.00  0.900000  0.252441         -99         -99         -99         -99
11.000 14.000  2.10  2.40 -180.00 180.00  0.999993  0.116376         -99         -99         -99         -99
14.000 17.000  2.10  2.40 -180.00 180.00  0.900000  0.252441         -99         -99         -99         -99
17.000 20.000  2.10  2.40 -180.00 180.00  1.000000  0.000097         -99         -99         -99         -99
20.000 300.00  2.10  2.40 -180.00 180.00  1.000000  0.000097         -99         -99         -99         -99
