# ========================================================================
# Summary for luca/H2D_L1L2Efficiency_GlbTM_ProbeTrackMatched_data_all.dat
# ------------------------------------------------------------------------
# Number of cells:    120
# Number of pass :       -11880
# Number of total:       -11880
# -------------------------------
# min momentum:       2
# max momentum:       30
# min polar angle:    0
# max polar angle:    2.4
# -------------------------------
# min efficiency:       99
# max efficiency:       -1
# min error:            99
# max error:            -1
# -------------------------------
# <Efficiency>:       0.999988
#                 +/- 1.97912e-05
# <Delta Efficiency>: 9.87488e-05
# -------------------------------
 2.000  2.500  0.00  0.20 -180.00 180.00  0.000000  0.000000         -99         -99         -99         -99
 2.500  3.000  0.00  0.20 -180.00 180.00  0.000000  0.000000         -99         -99         -99         -99
 3.000  3.500  0.00  0.20 -180.00 180.00  0.401738  0.055278         -99         -99         -99         -99
 3.500  4.000  0.00  0.20 -180.00 180.00  0.775849  0.022081         -99         -99         -99         -99
 4.000  4.500  0.00  0.20 -180.00 180.00  0.826469  0.019333         -99         -99         -99         -99
 4.500  5.000  0.00  0.20 -180.00 180.00  0.877200  0.019446         -99         -99         -99         -99
 5.000  5.500  0.00  0.20 -180.00 180.00  0.899850  0.019267         -99         -99         -99         -99
 5.500  6.000  0.00  0.20 -180.00 180.00  0.932939  0.018212         -99         -99         -99         -99
 6.000  7.000  0.00  0.20 -180.00 180.00  0.941458  0.014600         -99         -99         -99         -99
 7.000  9.000  0.00  0.20 -180.00 180.00  0.975719  0.009102         -99         -99         -99         -99
 9.000 11.000  0.00  0.20 -180.00 180.00  0.978423  0.012437         -99         -99         -99         -99
11.000 14.000  0.00  0.20 -180.00 180.00  0.900000  0.252441         -99         -99         -99         -99
14.000 17.000  0.00  0.20 -180.00 180.00  1.000000  0.000097         -99         -99         -99         -99
17.000 20.000  0.00  0.20 -180.00 180.00  1.000000  0.000097         -99         -99         -99         -99
20.000 300.00  0.00  0.20 -180.00 180.00  1.000000  0.000097         -99         -99         -99         -99
 2.000  2.500  0.20  0.30 -180.00 180.00  0.000000  0.000000         -99         -99         -99         -99
 2.500  3.000  0.20  0.30 -180.00 180.00  0.000000  0.000000         -99         -99         -99         -99
 3.000  3.500  0.20  0.30 -180.00 180.00  0.663189  0.103845         -99         -99         -99         -99
 3.500  4.000  0.20  0.30 -180.00 180.00  0.612041  0.048762         -99         -99         -99         -99
 4.000  4.500  0.20  0.30 -180.00 180.00  0.766408  0.036522         -99         -99         -99         -99
 4.500  5.000  0.20  0.30 -180.00 180.00  0.800664  0.035626         -99         -99         -99         -99
 5.000  5.500  0.20  0.30 -180.00 180.00  0.918464  0.026551         -99         -99         -99         -99
 5.500  6.000  0.20  0.30 -180.00 180.00  0.762761  0.047843         -99         -99         -99         -99
 6.000  7.000  0.20  0.30 -180.00 180.00  0.927200  0.026787         -99         -99         -99         -99
 7.000  9.000  0.20  0.30 -180.00 180.00  0.977213  0.014208         -99         -99         -99         -99
 9.000 11.000  0.20  0.30 -180.00 180.00  0.981345  0.018917         -99         -99         -99         -99
11.000 14.000  0.20  0.30 -180.00 180.00  1.000000  0.000097         -99         -99         -99         -99
14.000 17.000  0.20  0.30 -180.00 180.00  1.000000  0.000097         -99         -99         -99         -99
17.000 20.000  0.20  0.30 -180.00 180.00  1.000000  0.000097         -99         -99         -99         -99
20.000 300.00  0.20  0.30 -180.00 180.00  1.000000  0.000097         -99         -99         -99         -99
 2.000  2.500  0.30  0.60 -180.00 180.00  0.000000  0.000000         -99         -99         -99         -99
 2.500  3.000  0.30  0.60 -180.00 180.00  0.000000  0.000000         -99         -99         -99         -99
 3.000  3.500  0.30  0.60 -180.00 180.00  0.627535  0.035164         -99         -99         -99         -99
 3.500  4.000  0.30  0.60 -180.00 180.00  0.782701  0.016449         -99         -99         -99         -99
 4.000  4.500  0.30  0.60 -180.00 180.00  0.878412  0.013781         -99         -99         -99         -99
 4.500  5.000  0.30  0.60 -180.00 180.00  0.930185  0.012019         -99         -99         -99         -99
 5.000  5.500  0.30  0.60 -180.00 180.00  0.939625  0.012557         -99         -99         -99         -99
 5.500  6.000  0.30  0.60 -180.00 180.00  0.955933  0.028344         -99         -99         -99         -99
 6.000  7.000  0.30  0.60 -180.00 180.00  0.941193  0.011834         -99         -99         -99         -99
 7.000  9.000  0.30  0.60 -180.00 180.00  0.971379  0.008218         -99         -99         -99         -99
 9.000 11.000  0.30  0.60 -180.00 180.00  0.900000  0.252441         -99         -99         -99         -99
11.000 14.000  0.30  0.60 -180.00 180.00  0.993470  0.007802         -99         -99         -99         -99
14.000 17.000  0.30  0.60 -180.00 180.00  0.900000  0.252441         -99         -99         -99         -99
17.000 20.000  0.30  0.60 -180.00 180.00  1.000000  0.000097         -99         -99         -99         -99
20.000 300.00  0.30  0.60 -180.00 180.00  1.000000  0.000097         -99         -99         -99         -99
 2.000  2.500  0.60  0.80 -180.00 180.00  0.000000  0.000000         -99         -99         -99         -99
 2.500  3.000  0.60  0.80 -180.00 180.00  0.000000  0.000000         -99         -99         -99         -99
 3.000  3.500  0.60  0.80 -180.00 180.00  0.612039  0.043576         -99         -99         -99         -99
 3.500  4.000  0.60  0.80 -180.00 180.00  0.753996  0.021632         -99         -99         -99         -99
 4.000  4.500  0.60  0.80 -180.00 180.00  0.821282  0.020063         -99         -99         -99         -99
 4.500  5.000  0.60  0.80 -180.00 180.00  0.857196  0.019051         -99         -99         -99         -99
 5.000  5.500  0.60  0.80 -180.00 180.00  0.896578  0.021069         -99         -99         -99         -99
 5.500  6.000  0.60  0.80 -180.00 180.00  0.946851  0.018161         -99         -99         -99         -99
 6.000  7.000  0.60  0.80 -180.00 180.00  0.972236  0.010627         -99         -99         -99         -99
 7.000  9.000  0.60  0.80 -180.00 180.00  0.988138  0.007236         -99         -99         -99         -99
 9.000 11.000  0.60  0.80 -180.00 180.00  0.900000  0.252441         -99         -99         -99         -99
11.000 14.000  0.60  0.80 -180.00 180.00  1.000000  0.000097         -99         -99         -99         -99
14.000 17.000  0.60  0.80 -180.00 180.00  1.000000  0.000097         -99         -99         -99         -99
17.000 20.000  0.60  0.80 -180.00 180.00  1.000000  0.000097         -99         -99         -99         -99
20.000 300.00  0.60  0.80 -180.00 180.00  1.000000  0.000097         -99         -99         -99         -99
 2.000  2.500  0.80  1.20 -180.00 180.00  0.000000  0.000000         -99         -99         -99         -99
 2.500  3.000  0.80  1.20 -180.00 180.00  0.030434  0.038378         -99         -99         -99         -99
 3.000  3.500  0.80  1.20 -180.00 180.00  0.392903  0.032917         -99         -99         -99         -99
 3.500  4.000  0.80  1.20 -180.00 180.00  0.769275  0.015223         -99         -99         -99         -99
 4.000  4.500  0.80  1.20 -180.00 180.00  0.869213  0.012749         -99         -99         -99         -99
 4.500  5.000  0.80  1.20 -180.00 180.00  0.893070  0.013356         -99         -99         -99         -99
 5.000  5.500  0.80  1.20 -180.00 180.00  0.910598  0.013651         -99         -99         -99         -99
 5.500  6.000  0.80  1.20 -180.00 180.00  0.943941  0.012909         -99         -99         -99         -99
 6.000  7.000  0.80  1.20 -180.00 180.00  0.953513  0.010269         -99         -99         -99         -99
 7.000  9.000  0.80  1.20 -180.00 180.00  0.980947  0.007177         -99         -99         -99         -99
 9.000 11.000  0.80  1.20 -180.00 180.00  0.987243  0.008741         -99         -99         -99         -99
11.000 14.000  0.80  1.20 -180.00 180.00  0.978290  0.012742         -99         -99         -99         -99
14.000 17.000  0.80  1.20 -180.00 180.00  1.000000  0.000097         -99         -99         -99         -99
17.000 20.000  0.80  1.20 -180.00 180.00  1.000000  0.000097         -99         -99         -99         -99
20.000 300.00  0.80  1.20 -180.00 180.00  1.000000  0.000097         -99         -99         -99         -99
 2.000  2.500  1.20  1.60 -180.00 180.00  0.205218  0.021699         -99         -99         -99         -99
 2.500  3.000  1.20  1.60 -180.00 180.00  0.541938  0.017977         -99         -99         -99         -99
 3.000  3.500  1.20  1.60 -180.00 180.00  0.748777  0.014647         -99         -99         -99         -99
 3.500  4.000  1.20  1.60 -180.00 180.00  0.836952  0.013670         -99         -99         -99         -99
 4.000  4.500  1.20  1.60 -180.00 180.00  0.898782  0.013645         -99         -99         -99         -99
 4.500  5.000  1.20  1.60 -180.00 180.00  0.881199  0.015821         -99         -99         -99         -99
 5.000  5.500  1.20  1.60 -180.00 180.00  0.888886  0.017762         -99         -99         -99         -99
 5.500  6.000  1.20  1.60 -180.00 180.00  0.947157  0.015554         -99         -99         -99         -99
 6.000  7.000  1.20  1.60 -180.00 180.00  0.960107  0.010596         -99         -99         -99         -99
 7.000  9.000  1.20  1.60 -180.00 180.00  0.971626  0.009038         -99         -99         -99         -99
 9.000 11.000  1.20  1.60 -180.00 180.00  0.981079  0.011084         -99         -99         -99         -99
11.000 14.000  1.20  1.60 -180.00 180.00  0.900000  0.252441         -99         -99         -99         -99
14.000 17.000  1.20  1.60 -180.00 180.00  0.900000  0.252441         -99         -99         -99         -99
17.000 20.000  1.20  1.60 -180.00 180.00  0.900000  0.252441         -99         -99         -99         -99
20.000 300.00  1.20  1.60 -180.00 180.00  1.000000  0.000097         -99         -99         -99         -99
 2.000  2.500  1.60  2.10 -180.00 180.00  0.373360  0.015401         -99         -99         -99         -99
 2.500  3.000  1.60  2.10 -180.00 180.00  0.560414  0.227933         -99         -99         -99         -99
 3.000  3.500  1.60  2.10 -180.00 180.00  0.689291  0.016537         -99         -99         -99         -99
 3.500  4.000  1.60  2.10 -180.00 180.00  0.809212  0.017277         -99         -99         -99         -99
 4.000  4.500  1.60  2.10 -180.00 180.00  0.825123  0.019236         -99         -99         -99         -99
 4.500  5.000  1.60  2.10 -180.00 180.00  0.849961  0.019010         -99         -99         -99         -99
 5.000  5.500  1.60  2.10 -180.00 180.00  0.919086  0.018191         -99         -99         -99         -99
 5.500  6.000  1.60  2.10 -180.00 180.00  0.896604  0.021822         -99         -99         -99         -99
 6.000  7.000  1.60  2.10 -180.00 180.00  0.948624  0.013277         -99         -99         -99         -99
 7.000  9.000  1.60  2.10 -180.00 180.00  0.974428  0.011574         -99         -99         -99         -99
 9.000 11.000  1.60  2.10 -180.00 180.00  0.963818  0.019539         -99         -99         -99         -99
11.000 14.000  1.60  2.10 -180.00 180.00  0.900000  0.252441         -99         -99         -99         -99
14.000 17.000  1.60  2.10 -180.00 180.00  1.000000  0.000097         -99         -99         -99         -99
17.000 20.000  1.60  2.10 -180.00 180.00  1.000000  0.000097         -99         -99         -99         -99
20.000 300.00  1.60  2.10 -180.00 180.00  1.000000  0.000097         -99         -99         -99         -99
 2.000  2.500  2.10  2.40 -180.00 180.00  0.581320  0.025074         -99         -99         -99         -99
 2.500  3.000  2.10  2.40 -180.00 180.00  0.735763  0.027804         -99         -99         -99         -99
 3.000  3.500  2.10  2.40 -180.00 180.00  0.738946  0.030577         -99         -99         -99         -99
 3.500  4.000  2.10  2.40 -180.00 180.00  0.779608  0.031437         -99         -99         -99         -99
 4.000  4.500  2.10  2.40 -180.00 180.00  0.777860  0.039119         -99         -99         -99         -99
 4.500  5.000  2.10  2.40 -180.00 180.00  0.790052  0.044123         -99         -99         -99         -99
 5.000  5.500  2.10  2.40 -180.00 180.00  0.770277  0.054936         -99         -99         -99         -99
 5.500  6.000  2.10  2.40 -180.00 180.00  0.882377  0.082534         -99         -99         -99         -99
 6.000  7.000  2.10  2.40 -180.00 180.00  0.962800  0.026121         -99         -99         -99         -99
 7.000  9.000  2.10  2.40 -180.00 180.00  0.900000  0.252441         -99         -99         -99         -99
 9.000 11.000  2.10  2.40 -180.00 180.00  0.900000  0.252441         -99         -99         -99         -99
11.000 14.000  2.10  2.40 -180.00 180.00  1.000000  0.000097         -99         -99         -99         -99
14.000 17.000  2.10  2.40 -180.00 180.00  1.000000  0.000097         -99         -99         -99         -99
17.000 20.000  2.10  2.40 -180.00 180.00  1.000000  0.000097         -99         -99         -99         -99
20.000 300.00  2.10  2.40 -180.00 180.00  1.000000  0.000097         -99         -99         -99         -99
