# =============================================================================
# Summary for luca/H2D_MuonIDEfficiency_TMOSTTMA_ProbeTrackMatched_data_all.dat
# -----------------------------------------------------------------------------
# Number of cells:    120
# Number of pass :       -11880
# Number of total:       -11880
# -------------------------------
# min momentum:       2
# max momentum:       30
# min polar angle:    0
# max polar angle:    2.4
# -------------------------------
# min efficiency:       99
# max efficiency:       -1
# min error:            99
# max error:            -1
# -------------------------------
# <Efficiency>:       0.177503
#                 +/- 0.000349161
# <Delta Efficiency>: 0.00171001
# -------------------------------
 2.000  2.500  0.00  0.20 -180.00 180.00  0.000000  0.004073         -99         -99         -99         -99
 2.500  3.000  0.00  0.20 -180.00 180.00  0.000000  0.001290         -99         -99         -99         -99
 3.000  3.500  0.00  0.20 -180.00 180.00  0.204918  0.016445         -99         -99         -99         -99
 3.500  4.000  0.00  0.20 -180.00 180.00  0.863185  0.035756         -99         -99         -99         -99
 4.000  4.500  0.00  0.20 -180.00 180.00  0.960824  0.035381         -99         -99         -99         -99
 4.500  5.000  0.00  0.20 -180.00 180.00  0.943766  0.041318         -99         -99         -99         -99
 5.000  5.500  0.00  0.20 -180.00 180.00  0.945845  0.037729         -99         -99         -99         -99
 5.500  6.000  0.00  0.20 -180.00 180.00  0.963757  0.036140         -99         -99         -99         -99
 6.000  7.000  0.00  0.20 -180.00 180.00  0.999949  0.012986         -99         -99         -99         -99
 7.000  9.000  0.00  0.20 -180.00 180.00  0.998927  0.009185         -99         -99         -99         -99
 9.000 11.000  0.00  0.20 -180.00 180.00  0.993624  0.013837         -99         -99         -99         -99
11.000 14.000  0.00  0.20 -180.00 180.00  0.970203  0.025901         -99         -99         -99         -99
14.000 17.000  0.00  0.20 -180.00 180.00  0.976803  0.033618         -99         -99         -99         -99
17.000 20.000  0.00  0.20 -180.00 180.00  0.833244  0.132926         -99         -99         -99         -99
20.000 30.000  0.00  0.20 -180.00 180.00  1.000000  0.051474         -99         -99         -99         -99
 2.000  2.500  0.20  0.30 -180.00 180.00  0.000000  0.005913         -99         -99         -99         -99
 2.500  3.000  0.20  0.30 -180.00 180.00  0.000000  0.002348         -99         -99         -99         -99
 3.000  3.500  0.20  0.30 -180.00 180.00  0.176276  0.024211         -99         -99         -99         -99
 3.500  4.000  0.20  0.30 -180.00 180.00  0.754398  0.048423         -99         -99         -99         -99
 4.000  4.500  0.20  0.30 -180.00 180.00  0.956620  0.050537         -99         -99         -99         -99
 4.500  5.000  0.20  0.30 -180.00 180.00  0.856825  0.055126         -99         -99         -99         -99
 5.000  5.500  0.20  0.30 -180.00 180.00  0.872875  0.058043         -99         -99         -99         -99
 5.500  6.000  0.20  0.30 -180.00 180.00  0.918487  0.070377         -99         -99         -99         -99
 6.000  7.000  0.20  0.30 -180.00 180.00  0.998371  0.022536         -99         -99         -99         -99
 7.000  9.000  0.20  0.30 -180.00 180.00  1.000000  0.006919         -99         -99         -99         -99
 9.000 11.000  0.20  0.30 -180.00 180.00  1.000000  0.008903         -99         -99         -99         -99
11.000 14.000  0.20  0.30 -180.00 180.00  0.966713  0.035632         -99         -99         -99         -99
14.000 17.000  0.20  0.30 -180.00 180.00  0.965188  0.058808         -99         -99         -99         -99
17.000 20.000  0.20  0.30 -180.00 180.00  1.000000  0.154701         -99         -99         -99         -99
20.000 30.000  0.20  0.30 -180.00 180.00  0.999992  0.081316         -99         -99         -99         -99
 2.000  2.500  0.30  0.60 -180.00 180.00  0.000000  0.001742         -99         -99         -99         -99
 2.500  3.000  0.30  0.60 -180.00 180.00  0.000000  0.000582         -99         -99         -99         -99
 3.000  3.500  0.30  0.60 -180.00 180.00  0.273750  0.016593         -99         -99         -99         -99
 3.500  4.000  0.30  0.60 -180.00 180.00  0.848409  0.026432         -99         -99         -99         -99
 4.000  4.500  0.30  0.60 -180.00 180.00  0.912988  0.027726         -99         -99         -99         -99
 4.500  5.000  0.30  0.60 -180.00 180.00  0.951972  0.031655         -99         -99         -99         -99
 5.000  5.500  0.30  0.60 -180.00 180.00  0.967968  0.032901         -99         -99         -99         -99
 5.500  6.000  0.30  0.60 -180.00 180.00  0.961600  0.031635         -99         -99         -99         -99
 6.000  7.000  0.30  0.60 -180.00 180.00  0.990440  0.016422         -99         -99         -99         -99
 7.000  9.000  0.30  0.60 -180.00 180.00  1.000000  0.002346         -99         -99         -99         -99
 9.000 11.000  0.30  0.60 -180.00 180.00  0.995193  0.011083         -99         -99         -99         -99
11.000 14.000  0.30  0.60 -180.00 180.00  0.983501  0.018501         -99         -99         -99         -99
14.000 17.000  0.30  0.60 -180.00 180.00  1.000000  0.013662         -99         -99         -99         -99
17.000 20.000  0.30  0.60 -180.00 180.00  1.000000  0.014644         -99         -99         -99         -99
20.000 30.000  0.30  0.60 -180.00 180.00  0.964507  0.067967         -99         -99         -99         -99
 2.000  2.500  0.60  0.80 -180.00 180.00  0.000000  0.000997         -99         -99         -99         -99
 2.500  3.000  0.60  0.80 -180.00 180.00  0.000000  0.000904         -99         -99         -99         -99
 3.000  3.500  0.60  0.80 -180.00 180.00  0.310378  0.022413         -99         -99         -99         -99
 3.500  4.000  0.60  0.80 -180.00 180.00  0.786925  0.031931         -99         -99         -99         -99
 4.000  4.500  0.60  0.80 -180.00 180.00  0.968809  0.035519         -99         -99         -99         -99
 4.500  5.000  0.60  0.80 -180.00 180.00  0.910939  0.039021         -99         -99         -99         -99
 5.000  5.500  0.60  0.80 -180.00 180.00  1.000000  0.012932         -99         -99         -99         -99
 5.500  6.000  0.60  0.80 -180.00 180.00  0.995725  0.227884         -99         -99         -99         -99
 6.000  7.000  0.60  0.80 -180.00 180.00  0.963091  0.037022         -99         -99         -99         -99
 7.000  9.000  0.60  0.80 -180.00 180.00  0.997089  0.010356         -99         -99         -99         -99
 9.000 11.000  0.60  0.80 -180.00 180.00  0.968325  0.028925         -99         -99         -99         -99
11.000 14.000  0.60  0.80 -180.00 180.00  1.000000  0.003533         -99         -99         -99         -99
14.000 17.000  0.60  0.80 -180.00 180.00  0.954296  0.038383         -99         -99         -99         -99
17.000 20.000  0.60  0.80 -180.00 180.00  1.000000  0.016437         -99         -99         -99         -99
20.000 30.000  0.60  0.80 -180.00 180.00  1.000000  0.020611         -99         -99         -99         -99
 2.000  2.500  0.80  1.20 -180.00 180.00  0.006228  0.001721         -99         -99         -99         -99
 2.500  3.000  0.80  1.20 -180.00 180.00  0.076326  0.006841         -99         -99         -99         -99
 3.000  3.500  0.80  1.20 -180.00 180.00  0.440167  0.019598         -99         -99         -99         -99
 3.500  4.000  0.80  1.20 -180.00 180.00  0.852647  0.026732         -99         -99         -99         -99
 4.000  4.500  0.80  1.20 -180.00 180.00  0.991694  0.020121         -99         -99         -99         -99
 4.500  5.000  0.80  1.20 -180.00 180.00  0.950468  0.033408         -99         -99         -99         -99
 5.000  5.500  0.80  1.20 -180.00 180.00  1.000000  0.008790         -99         -99         -99         -99
 5.500  6.000  0.80  1.20 -180.00 180.00  0.989979  0.022462         -99         -99         -99         -99
 6.000  7.000  0.80  1.20 -180.00 180.00  0.942048  0.060813         -99         -99         -99         -99
 7.000  9.000  0.80  1.20 -180.00 180.00  1.000000  0.001860         -99         -99         -99         -99
 9.000 11.000  0.80  1.20 -180.00 180.00  1.000000  0.002963         -99         -99         -99         -99
11.000 14.000  0.80  1.20 -180.00 180.00  1.000000  0.002781         -99         -99         -99         -99
14.000 17.000  0.80  1.20 -180.00 180.00  0.960571  0.046070         -99         -99         -99         -99
17.000 20.000  0.80  1.20 -180.00 180.00  1.000000  0.006853         -99         -99         -99         -99
20.000 30.000  0.80  1.20 -180.00 180.00  0.934528  0.065455         -99         -99         -99         -99
 2.000  2.500  1.20  1.60 -180.00 180.00  0.639972  0.028450         -99         -99         -99         -99
 2.500  3.000  1.20  1.60 -180.00 180.00  0.882013  0.033538         -99         -99         -99         -99
 3.000  3.500  1.20  1.60 -180.00 180.00  0.953753  0.033883         -99         -99         -99         -99
 3.500  4.000  1.20  1.60 -180.00 180.00  1.000000  0.004720         -99         -99         -99         -99
 4.000  4.500  1.20  1.60 -180.00 180.00  0.904983  0.034112         -99         -99         -99         -99
 4.500  5.000  1.20  1.60 -180.00 180.00  0.907920  0.036476         -99         -99         -99         -99
 5.000  5.500  1.20  1.60 -180.00 180.00  0.996804  0.025370         -99         -99         -99         -99
 5.500  6.000  1.20  1.60 -180.00 180.00  0.892712  0.026463         -99         -99         -99         -99
 6.000  7.000  1.20  1.60 -180.00 180.00  0.993368  0.018045         -99         -99         -99         -99
 7.000  9.000  1.20  1.60 -180.00 180.00  1.000000  0.002928         -99         -99         -99         -99
 9.000 11.000  1.20  1.60 -180.00 180.00  1.000000  0.002265         -99         -99         -99         -99
11.000 14.000  1.20  1.60 -180.00 180.00  0.946224  0.032422         -99         -99         -99         -99
14.000 17.000  1.20  1.60 -180.00 180.00  1.000000  0.004336         -99         -99         -99         -99
17.000 20.000  1.20  1.60 -180.00 180.00  0.942780  0.061208         -99         -99         -99         -99
20.000 30.000  1.20  1.60 -180.00 180.00  1.000000  0.044048         -99         -99         -99         -99
 2.000  2.500  1.60  2.10 -180.00 180.00  0.952946  0.043418         -99         -99         -99         -99
 2.500  3.000  1.60  2.10 -180.00 180.00  1.000000  0.013446         -99         -99         -99         -99
 3.000  3.500  1.60  2.10 -180.00 180.00  0.933949  0.036440         -99         -99         -99         -99
 3.500  4.000  1.60  2.10 -180.00 180.00  0.999999  0.020134         -99         -99         -99         -99
 4.000  4.500  1.60  2.10 -180.00 180.00  0.987426  0.034975         -99         -99         -99         -99
 4.500  5.000  1.60  2.10 -180.00 180.00  0.984283  0.034416         -99         -99         -99         -99
 5.000  5.500  1.60  2.10 -180.00 180.00  0.954004  0.046504         -99         -99         -99         -99
 5.500  6.000  1.60  2.10 -180.00 180.00  1.000000  0.017715         -99         -99         -99         -99
 6.000  7.000  1.60  2.10 -180.00 180.00  0.994354  0.019660         -99         -99         -99         -99
 7.000  9.000  1.60  2.10 -180.00 180.00  1.000000  0.008066         -99         -99         -99         -99
 9.000 11.000  1.60  2.10 -180.00 180.00  0.949384  0.044191         -99         -99         -99         -99
11.000 14.000  1.60  2.10 -180.00 180.00  0.957931  0.031365         -99         -99         -99         -99
14.000 17.000  1.60  2.10 -180.00 180.00  1.000000  0.022841         -99         -99         -99         -99
17.000 20.000  1.60  2.10 -180.00 180.00  0.999999  0.022604         -99         -99         -99         -99
20.000 30.000  1.60  2.10 -180.00 180.00  1.000000  0.041060         -99         -99         -99         -99
 2.000  2.500  2.10  2.40 -180.00 180.00  0.899154  0.076885         -99         -99         -99         -99
 2.500  3.000  2.10  2.40 -180.00 180.00  0.968408  0.057357         -99         -99         -99         -99
 3.000  3.500  2.10  2.40 -180.00 180.00  1.000000  0.018693         -99         -99         -99         -99
 3.500  4.000  2.10  2.40 -180.00 180.00  1.000000  0.010442         -99         -99         -99         -99
 4.000  4.500  2.10  2.40 -180.00 180.00  0.883346  0.081965         -99         -99         -99         -99
 4.500  5.000  2.10  2.40 -180.00 180.00  1.000000  0.027597         -99         -99         -99         -99
 5.000  5.500  2.10  2.40 -180.00 180.00  0.792035  0.051689         -99         -99         -99         -99
 5.500  6.000  2.10  2.40 -180.00 180.00  0.916546  0.097421         -99         -99         -99         -99
 6.000  7.000  2.10  2.40 -180.00 180.00  0.994498  0.062933         -99         -99         -99         -99
 7.000  9.000  2.10  2.40 -180.00 180.00  1.000000  0.008188         -99         -99         -99         -99
 9.000 11.000  2.10  2.40 -180.00 180.00  0.823424  0.091673         -99         -99         -99         -99
11.000 14.000  2.10  2.40 -180.00 180.00  0.999906  0.071368         -99         -99         -99         -99
14.000 17.000  2.10  2.40 -180.00 180.00  1.000000  0.058762         -99         -99         -99         -99
17.000 20.000  2.10  2.40 -180.00 180.00  1.000000  0.420913         -99         -99         -99         -99
20.000 30.000  2.10  2.40 -180.00 180.00  1.000000  0.301628         -99         -99         -99         -99
