# ===================================
# Summary for ./L1L2_data_cowboys.dat
# -----------------------------------
# Number of cells:    110
# Number of pass :       -10890
# Number of total:       -10890
# -------------------------------
# min momentum:       4
# max momentum:       500
# min polar angle:    0
# max polar angle:    2.5
# -------------------------------
# min efficiency:       99
# max efficiency:       -1
# min error:            99
# max error:            -1
# -------------------------------
# <Efficiency>:       0.952964
#                 +/- 2.03149e-05
# <Delta Efficiency>: 9.48394e-05
# -------------------------------
  4.000   4.500  0.00  0.20 -180.00 180.00  0.849732  0.000391         -99         -99         -99         -99
  4.500   5.000  0.00  0.20 -180.00 180.00  0.887052  0.000408         -99         -99         -99         -99
  5.000   5.500  0.00  0.20 -180.00 180.00  0.911374  0.000563         -99         -99         -99         -99
  5.500   6.000  0.00  0.20 -180.00 180.00  0.953119  0.000691         -99         -99         -99         -99
  6.000   7.000  0.00  0.20 -180.00 180.00  0.968994  0.000024         -99         -99         -99         -99
  4.000   4.500  0.20  0.30 -180.00 180.00  0.684686  0.000623         -99         -99         -99         -99
  4.500   5.000  0.20  0.30 -180.00 180.00  0.681332  0.000531         -99         -99         -99         -99
  5.000   5.500  0.20  0.30 -180.00 180.00  0.781914  0.000991         -99         -99         -99         -99
  5.500   6.000  0.20  0.30 -180.00 180.00  0.835301  0.001061         -99         -99         -99         -99
  6.000   7.000  0.20  0.30 -180.00 180.00  0.846564  0.001059         -99         -99         -99         -99
  4.000   4.500  0.30  0.60 -180.00 180.00  0.881352  0.000253         -99         -99         -99         -99
  4.500   5.000  0.30  0.60 -180.00 180.00  0.933524  0.000331         -99         -99         -99         -99
  5.000   5.500  0.30  0.60 -180.00 180.00  0.954856  0.000422         -99         -99         -99         -99
  5.500   6.000  0.30  0.60 -180.00 180.00  0.961647  0.000531         -99         -99         -99         -99
  6.000   7.000  0.30  0.60 -180.00 180.00  0.968409  0.000362         -99         -99         -99         -99
  4.000   4.500  0.60  0.80 -180.00 180.00  0.822261  0.000367         -99         -99         -99         -99
  4.500   5.000  0.60  0.80 -180.00 180.00  0.897039  0.000475         -99         -99         -99         -99
  5.000   5.500  0.60  0.80 -180.00 180.00  0.952897  0.000738         -99         -99         -99         -99
  5.500   6.000  0.60  0.80 -180.00 180.00  0.968551  0.000927         -99         -99         -99         -99
  6.000   7.000  0.60  0.80 -180.00 180.00  0.970671  0.000578         -99         -99         -99         -99
  4.000   4.500  0.80  1.20 -180.00 180.00  0.770841  0.000154         -99         -99         -99         -99
  4.500   5.000  0.80  1.20 -180.00 180.00  0.894876  0.000251         -99         -99         -99         -99
  5.000   5.500  0.80  1.20 -180.00 180.00  0.940835  0.000360         -99         -99         -99         -99
  5.500   6.000  0.80  1.20 -180.00 180.00  0.926239  0.000460         -99         -99         -99         -99
  6.000   7.000  0.80  1.20 -180.00 180.00  0.938307  0.000331         -99         -99         -99         -99
  4.000   4.500  1.20  1.40 -180.00 180.00  0.914388  0.000476         -99         -99         -99         -99
  4.500   5.000  1.20  1.40 -180.00 180.00  0.933011  0.000612         -99         -99         -99         -99
  5.000   5.500  1.20  1.40 -180.00 180.00  0.963238  0.000950         -99         -99         -99         -99
  5.500   6.000  1.20  1.40 -180.00 180.00  0.954381  0.001185         -99         -99         -99         -99
  6.000   7.000  1.20  1.40 -180.00 180.00  0.960859  0.000790         -99         -99         -99         -99
  4.000   4.500  1.40  1.60 -180.00 180.00  0.912410  0.000604         -99         -99         -99         -99
  4.500   5.000  1.40  1.60 -180.00 180.00  0.920019  0.000737         -99         -99         -99         -99
  5.000   5.500  1.40  1.60 -180.00 180.00  0.940503  0.001085         -99         -99         -99         -99
  5.500   6.000  1.40  1.60 -180.00 180.00  0.931324  0.000921         -99         -99         -99         -99
  6.000   7.000  1.40  1.60 -180.00 180.00  0.941428  0.000736         -99         -99         -99         -99
  4.000   4.500  1.60  1.80 -180.00 180.00  0.851562  0.000756         -99         -99         -99         -99
  4.500   5.000  1.60  1.80 -180.00 180.00  0.862636  0.001634         -99         -99         -99         -99
  5.000   5.500  1.60  1.80 -180.00 180.00  0.821883  0.001622         -99         -99         -99         -99
  5.500   6.000  1.60  1.80 -180.00 180.00  0.867279  0.001655         -99         -99         -99         -99
  6.000   7.000  1.60  1.80 -180.00 180.00  0.825420  0.001367         -99         -99         -99         -99
  4.000   4.500  1.80  2.00 -180.00 180.00  0.863972  0.000869         -99         -99         -99         -99
  4.500   5.000  1.80  2.00 -180.00 180.00  0.898041  0.038479         -99         -99         -99         -99
  5.000   5.500  1.80  2.00 -180.00 180.00  0.863455  0.001777         -99         -99         -99         -99
  5.500   6.000  1.80  2.00 -180.00 180.00  0.931769  0.003482         -99         -99         -99         -99
  6.000   7.000  1.80  2.00 -180.00 180.00  0.867825  0.001077         -99         -99         -99         -99
  4.000   4.500  2.00  2.20 -180.00 180.00  0.904568  0.001250         -99         -99         -99         -99
  4.500   5.000  2.00  2.20 -180.00 180.00  0.861738  0.001408         -99         -99         -99         -99
  5.000   5.500  2.00  2.20 -180.00 180.00  0.824350  0.001832         -99         -99         -99         -99
  5.500   6.000  2.00  2.20 -180.00 180.00  0.773873  0.002599         -99         -99         -99         -99
  6.000   7.000  2.00  2.20 -180.00 180.00  0.871901  0.002045         -99         -99         -99         -99
  4.000   4.500  2.20  2.50 -180.00 180.00  0.853547  0.000662         -99         -99         -99         -99
  4.500   5.000  2.20  2.50 -180.00 180.00  0.815455  0.011516         -99         -99         -99         -99
  5.000   5.500  2.20  2.50 -180.00 180.00  0.887118  0.004433         -99         -99         -99         -99
  5.500   6.000  2.20  2.50 -180.00 180.00  0.807694  0.002949         -99         -99         -99         -99
  6.000   7.000  2.20  2.50 -180.00 180.00  0.892449  0.010829         -99         -99         -99         -99
  7.000   8.000  0.00  0.20 -180.00 180.00  0.961593  0.000380         -99         -99         -99         -99
  8.000  10.000  0.00  0.20 -180.00 180.00  0.964500  0.000285         -99         -99         -99         -99
 10.000  15.000  0.00  0.20 -180.00 180.00  0.958857  0.000297         -99         -99         -99         -99
 15.000  20.000  0.00  0.20 -180.00 180.00  0.942427  0.001435         -99         -99         -99         -99
 20.000 500.000  0.00  0.20 -180.00 180.00  0.886904  0.003055         -99         -99         -99         -99
  7.000   8.000  0.20  0.30 -180.00 180.00  0.839049  0.000528         -99         -99         -99         -99
  8.000  10.000  0.20  0.30 -180.00 180.00  0.881135  0.001941         -99         -99         -99         -99
 10.000  15.000  0.20  0.30 -180.00 180.00  0.880301  0.000110         -99         -99         -99         -99
 15.000  20.000  0.20  0.30 -180.00 180.00  0.888882  0.002367         -99         -99         -99         -99
 20.000 500.000  0.20  0.30 -180.00 180.00  0.820341  0.005606         -99         -99         -99         -99
  7.000   8.000  0.30  0.60 -180.00 180.00  0.957278  0.000232         -99         -99         -99         -99
  8.000  10.000  0.30  0.60 -180.00 180.00  0.961467  0.000182         -99         -99         -99         -99
 10.000  15.000  0.30  0.60 -180.00 180.00  0.965491  0.000199         -99         -99         -99         -99
 15.000  20.000  0.30  0.60 -180.00 180.00  0.934906  0.000727         -99         -99         -99         -99
 20.000 500.000  0.30  0.60 -180.00 180.00  0.958281  0.002707         -99         -99         -99         -99
  7.000   8.000  0.60  0.80 -180.00 180.00  0.968616  0.000408         -99         -99         -99         -99
  8.000  10.000  0.60  0.80 -180.00 180.00  0.967298  0.000287         -99         -99         -99         -99
 10.000  15.000  0.60  0.80 -180.00 180.00  0.958454  0.000283         -99         -99         -99         -99
 15.000  20.000  0.60  0.80 -180.00 180.00  0.914676  0.001045         -99         -99         -99         -99
 20.000 500.000  0.60  0.80 -180.00 180.00  0.914824  0.003249         -99         -99         -99         -99
  7.000   8.000  0.80  1.20 -180.00 180.00  0.949753  0.000213         -99         -99         -99         -99
  8.000  10.000  0.80  1.20 -180.00 180.00  0.945653  0.000098         -99         -99         -99         -99
 10.000  15.000  0.80  1.20 -180.00 180.00  0.931743  0.000174         -99         -99         -99         -99
 15.000  20.000  0.80  1.20 -180.00 180.00  0.901177  0.000765         -99         -99         -99         -99
 20.000 500.000  0.80  1.20 -180.00 180.00  0.887306  0.001316         -99         -99         -99         -99
  7.000   8.000  1.20  1.40 -180.00 180.00  0.952046  0.000456         -99         -99         -99         -99
  8.000  10.000  1.20  1.40 -180.00 180.00  0.946509  0.000324         -99         -99         -99         -99
 10.000  15.000  1.20  1.40 -180.00 180.00  0.946994  0.000433         -99         -99         -99         -99
 15.000  20.000  1.20  1.40 -180.00 180.00  0.967049  0.001849         -99         -99         -99         -99
 20.000 500.000  1.20  1.40 -180.00 180.00  0.902290  0.000180         -99         -99         -99         -99
  7.000   8.000  1.40  1.60 -180.00 180.00  0.882320  0.000576         -99         -99         -99         -99
  8.000  10.000  1.40  1.60 -180.00 180.00  0.894078  0.000443         -99         -99         -99         -99
 10.000  15.000  1.40  1.60 -180.00 180.00  0.885278  0.001825         -99         -99         -99         -99
 15.000  20.000  1.40  1.60 -180.00 180.00  0.827318  0.003329         -99         -99         -99         -99
 20.000 500.000  1.40  1.60 -180.00 180.00  0.733208  0.003596         -99         -99         -99         -99
  7.000   8.000  1.60  1.80 -180.00 180.00  0.864110  0.000749         -99         -99         -99         -99
  8.000  10.000  1.60  1.80 -180.00 180.00  0.768572  0.000792         -99         -99         -99         -99
 10.000  15.000  1.60  1.80 -180.00 180.00  0.851338  0.000906         -99         -99         -99         -99
 15.000  20.000  1.60  1.80 -180.00 180.00  0.851880  0.001810         -99         -99         -99         -99
 20.000 500.000  1.60  1.80 -180.00 180.00  0.874971  0.028525         -99         -99         -99         -99
  7.000   8.000  1.80  2.00 -180.00 180.00  0.772399  0.000588         -99         -99         -99         -99
  8.000  10.000  1.80  2.00 -180.00 180.00  0.843318  0.000405         -99         -99         -99         -99
 10.000  15.000  1.80  2.00 -180.00 180.00  0.781063  0.001030         -99         -99         -99         -99
 15.000  20.000  1.80  2.00 -180.00 180.00  0.605934  0.001518         -99         -99         -99         -99
 20.000 500.000  1.80  2.00 -180.00 180.00  0.526295  0.011337         -99         -99         -99         -99
  7.000   8.000  2.00  2.20 -180.00 180.00  0.757853  0.001062         -99         -99         -99         -99
  8.000  10.000  2.00  2.20 -180.00 180.00  0.729109  0.002222         -99         -99         -99         -99
 10.000  15.000  2.00  2.20 -180.00 180.00  0.645936  0.000839         -99         -99         -99         -99
 15.000  20.000  2.00  2.20 -180.00 180.00  0.571423  0.001678         -99         -99         -99         -99
 20.000 500.000  2.00  2.20 -180.00 180.00  0.665008  0.017634         -99         -99         -99         -99
  7.000   8.000  2.20  2.50 -180.00 180.00  0.675259  0.001089         -99         -99         -99         -99
  8.000  10.000  2.20  2.50 -180.00 180.00  0.705657  0.004151         -99         -99         -99         -99
 10.000  15.000  2.20  2.50 -180.00 180.00  0.790975  0.010445         -99         -99         -99         -99
 15.000  20.000  2.20  2.50 -180.00 180.00  0.554843  0.003784         -99         -99         -99         -99
 20.000 500.000  2.20  2.50 -180.00 180.00  0.665008  0.015966         -99         -99         -99         -99
