# ==================================
# Summary for ./L1L2_mc_seagulls.dat
# ----------------------------------
# Number of cells:    110
# Number of pass :       -10890
# Number of total:       -10890
# -------------------------------
# min momentum:       4
# max momentum:       500
# min polar angle:    0
# max polar angle:    2.5
# -------------------------------
# min efficiency:       99
# max efficiency:       -1
# min error:            99
# max error:            -1
# -------------------------------
# <Efficiency>:       0.890555
#                 +/- 0.000106176
# <Delta Efficiency>: 0.000791665
# -------------------------------
  4.000   4.500  0.00  0.20 -180.00 180.00  0.897862  0.000726         -99         -99         -99         -99
  4.500   5.000  0.00  0.20 -180.00 180.00  0.939309  0.000749         -99         -99         -99         -99
  5.000   5.500  0.00  0.20 -180.00 180.00  0.952972  0.000940         -99         -99         -99         -99
  5.500   6.000  0.00  0.20 -180.00 180.00  0.955709  0.001120         -99         -99         -99         -99
  6.000   7.000  0.00  0.20 -180.00 180.00  0.982687  0.000699         -99         -99         -99         -99
  4.000   4.500  0.20  0.30 -180.00 180.00  0.727816  0.001527         -99         -99         -99         -99
  4.500   5.000  0.20  0.30 -180.00 180.00  0.731602  0.001185         -99         -99         -99         -99
  5.000   5.500  0.20  0.30 -180.00 180.00  0.743458  0.001221         -99         -99         -99         -99
  5.500   6.000  0.20  0.30 -180.00 180.00  0.792882  0.001619         -99         -99         -99         -99
  6.000   7.000  0.20  0.30 -180.00 180.00  0.895878  0.001444         -99         -99         -99         -99
  4.000   4.500  0.30  0.60 -180.00 180.00  0.916790  0.000413         -99         -99         -99         -99
  4.500   5.000  0.30  0.60 -180.00 180.00  0.905385  0.000463         -99         -99         -99         -99
  5.000   5.500  0.30  0.60 -180.00 180.00  0.953881  0.000610         -99         -99         -99         -99
  5.500   6.000  0.30  0.60 -180.00 180.00  0.982113  0.000818         -99         -99         -99         -99
  6.000   7.000  0.30  0.60 -180.00 180.00  0.962845  0.001504         -99         -99         -99         -99
  4.000   4.500  0.60  0.80 -180.00 180.00  0.822255  0.002615         -99         -99         -99         -99
  4.500   5.000  0.60  0.80 -180.00 180.00  0.910351  0.000950         -99         -99         -99         -99
  5.000   5.500  0.60  0.80 -180.00 180.00  0.955057  0.000919         -99         -99         -99         -99
  5.500   6.000  0.60  0.80 -180.00 180.00  0.966848  0.001345         -99         -99         -99         -99
  6.000   7.000  0.60  0.80 -180.00 180.00  0.958219  0.000852         -99         -99         -99         -99
  4.000   4.500  0.80  1.20 -180.00 180.00  0.737676  0.000249         -99         -99         -99         -99
  4.500   5.000  0.80  1.20 -180.00 180.00  0.870213  0.000411         -99         -99         -99         -99
  5.000   5.500  0.80  1.20 -180.00 180.00  0.913064  0.000533         -99         -99         -99         -99
  5.500   6.000  0.80  1.20 -180.00 180.00  0.931406  0.000648         -99         -99         -99         -99
  6.000   7.000  0.80  1.20 -180.00 180.00  0.956643  0.000447         -99         -99         -99         -99
  4.000   4.500  1.20  1.40 -180.00 180.00  0.825806  0.000700         -99         -99         -99         -99
  4.500   5.000  1.20  1.40 -180.00 180.00  0.874563  0.000869         -99         -99         -99         -99
  5.000   5.500  1.20  1.40 -180.00 180.00  0.909093  0.000828         -99         -99         -99         -99
  5.500   6.000  1.20  1.40 -180.00 180.00  0.940213  0.001587         -99         -99         -99         -99
  6.000   7.000  1.20  1.40 -180.00 180.00  0.941722  0.000954         -99         -99         -99         -99
  4.000   4.500  1.40  1.60 -180.00 180.00  0.939508  0.000837         -99         -99         -99         -99
  4.500   5.000  1.40  1.60 -180.00 180.00  0.957740  0.001066         -99         -99         -99         -99
  5.000   5.500  1.40  1.60 -180.00 180.00  0.961706  0.001311         -99         -99         -99         -99
  5.500   6.000  1.40  1.60 -180.00 180.00  0.935313  0.001576         -99         -99         -99         -99
  6.000   7.000  1.40  1.60 -180.00 180.00  0.964518  0.001113         -99         -99         -99         -99
  4.000   4.500  1.60  1.80 -180.00 180.00  0.937581  0.001104         -99         -99         -99         -99
  4.500   5.000  1.60  1.80 -180.00 180.00  0.916797  0.001274         -99         -99         -99         -99
  5.000   5.500  1.60  1.80 -180.00 180.00  0.940855  0.001571         -99         -99         -99         -99
  5.500   6.000  1.60  1.80 -180.00 180.00  0.886258  0.001573         -99         -99         -99         -99
  6.000   7.000  1.60  1.80 -180.00 180.00  0.961388  0.001332         -99         -99         -99         -99
  4.000   4.500  1.80  2.00 -180.00 180.00  0.933848  0.001121         -99         -99         -99         -99
  4.500   5.000  1.80  2.00 -180.00 180.00  0.964253  0.001388         -99         -99         -99         -99
  5.000   5.500  1.80  2.00 -180.00 180.00  0.970399  0.001833         -99         -99         -99         -99
  5.500   6.000  1.80  2.00 -180.00 180.00  0.954903  0.002287         -99         -99         -99         -99
  6.000   7.000  1.80  2.00 -180.00 180.00  0.956873  0.001680         -99         -99         -99         -99
  4.000   4.500  2.00  2.20 -180.00 180.00  0.866270  0.001410         -99         -99         -99         -99
  4.500   5.000  2.00  2.20 -180.00 180.00  0.870972  0.002149         -99         -99         -99         -99
  5.000   5.500  2.00  2.20 -180.00 180.00  0.945456  0.002690         -99         -99         -99         -99
  5.500   6.000  2.00  2.20 -180.00 180.00  0.954542  0.002779         -99         -99         -99         -99
  6.000   7.000  2.00  2.20 -180.00 180.00  0.924971  0.001943         -99         -99         -99         -99
  4.000   4.500  2.20  2.50 -180.00 180.00  0.920005  0.002794         -99         -99         -99         -99
  4.500   5.000  2.20  2.50 -180.00 180.00  0.920014  0.004718         -99         -99         -99         -99
  5.000   5.500  2.20  2.50 -180.00 180.00  0.945946  0.003992         -99         -99         -99         -99
  5.500   6.000  2.20  2.50 -180.00 180.00  0.945855  0.005366         -99         -99         -99         -99
  6.000   7.000  2.20  2.50 -180.00 180.00  0.934497  0.001177         -99         -99         -99         -99
  7.000   8.000  0.00  0.20 -180.00 180.00  0.972719  0.002839         -99         -99         -99         -99
  8.000  10.000  0.00  0.20 -180.00 180.00  0.978945  0.001671         -99         -99         -99         -99
 10.000  15.000  0.00  0.20 -180.00 180.00  0.972235  0.001465         -99         -99         -99         -99
 15.000  20.000  0.00  0.20 -180.00 180.00  1.000000  0.018158         -99         -99         -99         -99
 20.000 500.000  0.00  0.20 -180.00 180.00  0.909087  0.012175         -99         -99         -99         -99
  7.000   8.000  0.20  0.30 -180.00 180.00  0.950834  0.000000         -99         -99         -99         -99
  8.000  10.000  0.20  0.30 -180.00 180.00  0.975314  0.003883         -99         -99         -99         -99
 10.000  15.000  0.20  0.30 -180.00 180.00  0.933355  0.003216         -99         -99         -99         -99
 15.000  20.000  0.20  0.30 -180.00 180.00  0.928199  0.012782         -99         -99         -99         -99
 20.000 500.000  0.20  0.30 -180.00 180.00  0.833413  0.035112         -99         -99         -99         -99
  7.000   8.000  0.30  0.60 -180.00 180.00  0.987994  0.000000         -99         -99         -99         -99
  8.000  10.000  0.30  0.60 -180.00 180.00  0.993175  0.001116         -99         -99         -99         -99
 10.000  15.000  0.30  0.60 -180.00 180.00  0.985051  0.000964         -99         -99         -99         -99
 15.000  20.000  0.30  0.60 -180.00 180.00  0.973922  0.002739         -99         -99         -99         -99
 20.000 500.000  0.30  0.60 -180.00 180.00  1.000000  0.025040         -99         -99         -99         -99
  7.000   8.000  0.60  0.80 -180.00 180.00  0.974137  0.002707         -99         -99         -99         -99
  8.000  10.000  0.60  0.80 -180.00 180.00  0.994081  0.001482         -99         -99         -99         -99
 10.000  15.000  0.60  0.80 -180.00 180.00  1.000000  0.004535         -99         -99         -99         -99
 15.000  20.000  0.60  0.80 -180.00 180.00  0.967741  0.004980         -99         -99         -99         -99
 20.000 500.000  0.60  0.80 -180.00 180.00  1.000000  0.044166         -99         -99         -99         -99
  7.000   8.000  0.80  1.20 -180.00 180.00  0.946862  0.001437         -99         -99         -99         -99
  8.000  10.000  0.80  1.20 -180.00 180.00  0.972565  0.000962         -99         -99         -99         -99
 10.000  15.000  0.80  1.20 -180.00 180.00  0.978978  0.000955         -99         -99         -99         -99
 15.000  20.000  0.80  1.20 -180.00 180.00  0.974138  0.000000         -99         -99         -99         -99
 20.000 500.000  0.80  1.20 -180.00 180.00  1.000000  0.055317         -99         -99         -99         -99
  7.000   8.000  1.20  1.40 -180.00 180.00  0.966290  0.003467         -99         -99         -99         -99
  8.000  10.000  1.20  1.40 -180.00 180.00  0.954547  0.002288         -99         -99         -99         -99
 10.000  15.000  1.20  1.40 -180.00 180.00  0.993104  0.002066         -99         -99         -99         -99
 15.000  20.000  1.20  1.40 -180.00 180.00  0.975000  0.007778         -99         -99         -99         -99
 20.000 500.000  1.20  1.40 -180.00 180.00  0.846191  0.017330         -99         -99         -99         -99
  7.000   8.000  1.40  1.60 -180.00 180.00  0.973679  0.004113         -99         -99         -99         -99
  8.000  10.000  1.40  1.60 -180.00 180.00  0.983740  0.002602         -99         -99         -99         -99
 10.000  15.000  1.40  1.60 -180.00 180.00  0.973937  0.002723         -99         -99         -99         -99
 15.000  20.000  1.40  1.60 -180.00 180.00  0.944463  0.008143         -99         -99         -99         -99
 20.000 500.000  1.40  1.60 -180.00 180.00  0.937505  0.017736         -99         -99         -99         -99
  7.000   8.000  1.60  1.80 -180.00 180.00  0.972229  0.001811         -99         -99         -99         -99
  8.000  10.000  1.60  1.80 -180.00 180.00  0.970013  0.003126         -99         -99         -99         -99
 10.000  15.000  1.60  1.80 -180.00 180.00  0.947370  0.002607         -99         -99         -99         -99
 15.000  20.000  1.60  1.80 -180.00 180.00  0.970253  0.010436         -99         -99         -99         -99
 20.000 500.000  1.60  1.80 -180.00 180.00  0.888852  0.000000         -99         -99         -99         -99
  7.000   8.000  1.80  2.00 -180.00 180.00  0.938291  0.004503         -99         -99         -99         -99
  8.000  10.000  1.80  2.00 -180.00 180.00  0.938748  0.004798         -99         -99         -99         -99
 10.000  15.000  1.80  2.00 -180.00 180.00  0.968757  0.003241         -99         -99         -99         -99
 15.000  20.000  1.80  2.00 -180.00 180.00  0.970590  0.009057         -99         -99         -99         -99
 20.000 500.000  1.80  2.00 -180.00 180.00  0.800002  0.037498         -99         -99         -99         -99
  7.000   8.000  2.00  2.20 -180.00 180.00  0.886355  0.005797         -99         -99         -99         -99
  8.000  10.000  2.00  2.20 -180.00 180.00  0.909106  0.004124         -99         -99         -99         -99
 10.000  15.000  2.00  2.20 -180.00 180.00  0.952029  0.004783         -99         -99         -99         -99
 15.000  20.000  2.00  2.20 -180.00 180.00  0.846047  0.017187         -99         -99         -99         -99
 20.000 500.000  2.00  2.20 -180.00 180.00  1.000000  0.158575         -99         -99         -99         -99
  7.000   8.000  2.20  2.50 -180.00 180.00  1.000000  0.051545         -99         -99         -99         -99
  8.000  10.000  2.20  2.50 -180.00 180.00  0.967729  0.009851         -99         -99         -99         -99
 10.000  15.000  2.20  2.50 -180.00 180.00  0.904832  0.012688         -99         -99         -99         -99
 15.000  20.000  2.20  2.50 -180.00 180.00  0.666666  0.149650         -99         -99         -99         -99
 20.000 500.000  2.20  2.50 -180.00 180.00  1.000000  0.301695         -99         -99         -99         -99
