# ====================================
# Summary for ./MuonID_mc_seagulls.dat
# ------------------------------------
# Number of cells:    110
# Number of pass :       -10890
# Number of total:       -10890
# -------------------------------
# min momentum:       4
# max momentum:       500
# min polar angle:    0
# max polar angle:    2.5
# -------------------------------
# min efficiency:       99
# max efficiency:       -1
# min error:            99
# max error:            -1
# -------------------------------
# <Efficiency>:       0.787432
#                 +/- 6.45078e-05
# <Delta Efficiency>: 0.000397075
# -------------------------------
  4.000   4.500  0.00  0.20 -180.00 180.00  0.711163  0.000229         -99         -99         -99         -99
  4.500   5.000  0.00  0.20 -180.00 180.00  0.870712  0.000518         -99         -99         -99         -99
  5.000   5.500  0.00  0.20 -180.00 180.00  0.949522  0.000818         -99         -99         -99         -99
  5.500   6.000  0.00  0.20 -180.00 180.00  0.981232  0.001112         -99         -99         -99         -99
  6.000   7.000  0.00  0.20 -180.00 180.00  0.981644  0.000655         -99         -99         -99         -99
  4.000   4.500  0.20  0.30 -180.00 180.00  0.399614  0.000330         -99         -99         -99         -99
  4.500   5.000  0.20  0.30 -180.00 180.00  0.589008  0.004313         -99         -99         -99         -99
  5.000   5.500  0.20  0.30 -180.00 180.00  0.711919  0.000688         -99         -99         -99         -99
  5.500   6.000  0.20  0.30 -180.00 180.00  0.794975  0.001144         -99         -99         -99         -99
  6.000   7.000  0.20  0.30 -180.00 180.00  0.857459  0.000996         -99         -99         -99         -99
  4.000   4.500  0.30  0.60 -180.00 180.00  0.794473  0.000000         -99         -99         -99         -99
  4.500   5.000  0.30  0.60 -180.00 180.00  0.903144  0.000382         -99         -99         -99         -99
  5.000   5.500  0.30  0.60 -180.00 180.00  0.937821  0.000510         -99         -99         -99         -99
  5.500   6.000  0.30  0.60 -180.00 180.00  0.967566  0.000671         -99         -99         -99         -99
  6.000   7.000  0.30  0.60 -180.00 180.00  0.960182  0.000443         -99         -99         -99         -99
  4.000   4.500  0.60  0.80 -180.00 180.00  0.740390  0.002757         -99         -99         -99         -99
  4.500   5.000  0.60  0.80 -180.00 180.00  0.825088  0.000539         -99         -99         -99         -99
  5.000   5.500  0.60  0.80 -180.00 180.00  0.893314  0.000663         -99         -99         -99         -99
  5.500   6.000  0.60  0.80 -180.00 180.00  0.937223  0.001002         -99         -99         -99         -99
  6.000   7.000  0.60  0.80 -180.00 180.00  0.945618  0.018823         -99         -99         -99         -99
  4.000   4.500  0.80  1.20 -180.00 180.00  0.704004  0.000109         -99         -99         -99         -99
  4.500   5.000  0.80  1.20 -180.00 180.00  0.816439  0.000219         -99         -99         -99         -99
  5.000   5.500  0.80  1.20 -180.00 180.00  0.832413  0.000326         -99         -99         -99         -99
  5.500   6.000  0.80  1.20 -180.00 180.00  0.895180  0.000442         -99         -99         -99         -99
  6.000   7.000  0.80  1.20 -180.00 180.00  0.903056  0.000286         -99         -99         -99         -99
  4.000   4.500  1.20  1.40 -180.00 180.00  0.836815  0.000443         -99         -99         -99         -99
  4.500   5.000  1.20  1.40 -180.00 180.00  0.899517  0.000715         -99         -99         -99         -99
  5.000   5.500  1.20  1.40 -180.00 180.00  0.954148  0.000879         -99         -99         -99         -99
  5.500   6.000  1.20  1.40 -180.00 180.00  0.896469  0.001075         -99         -99         -99         -99
  6.000   7.000  1.20  1.40 -180.00 180.00  0.973772  0.000692         -99         -99         -99         -99
  4.000   4.500  1.40  1.60 -180.00 180.00  0.868519  0.000000         -99         -99         -99         -99
  4.500   5.000  1.40  1.60 -180.00 180.00  0.894353  0.000666         -99         -99         -99         -99
  5.000   5.500  1.40  1.60 -180.00 180.00  0.919532  0.000945         -99         -99         -99         -99
  5.500   6.000  1.40  1.60 -180.00 180.00  0.898724  0.000932         -99         -99         -99         -99
  6.000   7.000  1.40  1.60 -180.00 180.00  0.946754  0.000874         -99         -99         -99         -99
  4.000   4.500  1.60  1.80 -180.00 180.00  0.916173  0.000650         -99         -99         -99         -99
  4.500   5.000  1.60  1.80 -180.00 180.00  0.837563  0.000610         -99         -99         -99         -99
  5.000   5.500  1.60  1.80 -180.00 180.00  0.870581  0.000913         -99         -99         -99         -99
  5.500   6.000  1.60  1.80 -180.00 180.00  0.891838  0.001094         -99         -99         -99         -99
  6.000   7.000  1.60  1.80 -180.00 180.00  0.914035  0.000863         -99         -99         -99         -99
  4.000   4.500  1.80  2.00 -180.00 180.00  0.983401  0.001209         -99         -99         -99         -99
  4.500   5.000  1.80  2.00 -180.00 180.00  0.912122  0.000955         -99         -99         -99         -99
  5.000   5.500  1.80  2.00 -180.00 180.00  0.980030  0.001466         -99         -99         -99         -99
  5.500   6.000  1.80  2.00 -180.00 180.00  0.999999  0.013121         -99         -99         -99         -99
  6.000   7.000  1.80  2.00 -180.00 180.00  0.990118  0.008863         -99         -99         -99         -99
  4.000   4.500  2.00  2.20 -180.00 180.00  0.947161  0.000938         -99         -99         -99         -99
  4.500   5.000  2.00  2.20 -180.00 180.00  0.944227  0.001376         -99         -99         -99         -99
  5.000   5.500  2.00  2.20 -180.00 180.00  0.927565  0.001551         -99         -99         -99         -99
  5.500   6.000  2.00  2.20 -180.00 180.00  0.883542  0.001732         -99         -99         -99         -99
  6.000   7.000  2.00  2.20 -180.00 180.00  0.941738  0.001275         -99         -99         -99         -99
  4.000   4.500  2.20  2.50 -180.00 180.00  0.890929  0.001532         -99         -99         -99         -99
  4.500   5.000  2.20  2.50 -180.00 180.00  0.805420  0.000927         -99         -99         -99         -99
  5.000   5.500  2.20  2.50 -180.00 180.00  0.952566  0.003405         -99         -99         -99         -99
  5.500   6.000  2.20  2.50 -180.00 180.00  0.992860  0.017411         -99         -99         -99         -99
  6.000   7.000  2.20  2.50 -180.00 180.00  0.963125  0.003104         -99         -99         -99         -99
  7.000   8.000  0.00  0.20 -180.00 180.00  0.997753  0.010612         -99         -99         -99         -99
  8.000  10.000  0.00  0.20 -180.00 180.00  0.997381  0.000000         -99         -99         -99         -99
 10.000  15.000  0.00  0.20 -180.00 180.00  0.964011  0.000000         -99         -99         -99         -99
 15.000  20.000  0.00  0.20 -180.00 180.00  0.930870  0.005557         -99         -99         -99         -99
 20.000 500.000  0.00  0.20 -180.00 180.00  1.000000  0.014428         -99         -99         -99         -99
  7.000   8.000  0.20  0.30 -180.00 180.00  0.871087  0.002997         -99         -99         -99         -99
  8.000  10.000  0.20  0.30 -180.00 180.00  0.810099  0.001893         -99         -99         -99         -99
 10.000  15.000  0.20  0.30 -180.00 180.00  0.915681  0.002619         -99         -99         -99         -99
 15.000  20.000  0.20  0.30 -180.00 180.00  0.843415  0.005379         -99         -99         -99         -99
 20.000 500.000  0.20  0.30 -180.00 180.00  0.749996  0.036465         -99         -99         -99         -99
  7.000   8.000  0.30  0.60 -180.00 180.00  0.982759  0.001884         -99         -99         -99         -99
  8.000  10.000  0.30  0.60 -180.00 180.00  0.990017  0.002802         -99         -99         -99         -99
 10.000  15.000  0.30  0.60 -180.00 180.00  0.991851  0.002111         -99         -99         -99         -99
 15.000  20.000  0.30  0.60 -180.00 180.00  0.991977  0.006801         -99         -99         -99         -99
 20.000 500.000  0.30  0.60 -180.00 180.00  0.934141  0.006154         -99         -99         -99         -99
  7.000   8.000  0.60  0.80 -180.00 180.00  0.953323  0.002229         -99         -99         -99         -99
  8.000  10.000  0.60  0.80 -180.00 180.00  0.935136  0.001391         -99         -99         -99         -99
 10.000  15.000  0.60  0.80 -180.00 180.00  0.995026  0.006170         -99         -99         -99         -99
 15.000  20.000  0.60  0.80 -180.00 180.00  1.000000  0.009960         -99         -99         -99         -99
 20.000 500.000  0.60  0.80 -180.00 180.00  1.000000  0.052272         -99         -99         -99         -99
  7.000   8.000  0.80  1.20 -180.00 180.00  0.957747  0.001056         -99         -99         -99         -99
  8.000  10.000  0.80  1.20 -180.00 180.00  0.960064  0.000764         -99         -99         -99         -99
 10.000  15.000  0.80  1.20 -180.00 180.00  0.937096  0.000703         -99         -99         -99         -99
 15.000  20.000  0.80  1.20 -180.00 180.00  0.930745  0.001976         -99         -99         -99         -99
 20.000 500.000  0.80  1.20 -180.00 180.00  0.897547  0.006642         -99         -99         -99         -99
  7.000   8.000  1.20  1.40 -180.00 180.00  0.999997  0.019037         -99         -99         -99         -99
  8.000  10.000  1.20  1.40 -180.00 180.00  0.962732  0.001828         -99         -99         -99         -99
 10.000  15.000  1.20  1.40 -180.00 180.00  1.000000  0.008337         -99         -99         -99         -99
 15.000  20.000  1.20  1.40 -180.00 180.00  0.911172  0.002159         -99         -99         -99         -99
 20.000 500.000  1.20  1.40 -180.00 180.00  0.847962  0.011806         -99         -99         -99         -99
  7.000   8.000  1.40  1.60 -180.00 180.00  0.945755  0.002825         -99         -99         -99         -99
  8.000  10.000  1.40  1.60 -180.00 180.00  0.983553  0.005677         -99         -99         -99         -99
 10.000  15.000  1.40  1.60 -180.00 180.00  0.942304  0.001856         -99         -99         -99         -99
 15.000  20.000  1.40  1.60 -180.00 180.00  0.897778  0.004426         -99         -99         -99         -99
 20.000 500.000  1.40  1.60 -180.00 180.00  0.941341  0.018623         -99         -99         -99         -99
  7.000   8.000  1.60  1.80 -180.00 180.00  0.898177  0.002819         -99         -99         -99         -99
  8.000  10.000  1.60  1.80 -180.00 180.00  0.886000  0.001719         -99         -99         -99         -99
 10.000  15.000  1.60  1.80 -180.00 180.00  0.894403  0.012936         -99         -99         -99         -99
 15.000  20.000  1.60  1.80 -180.00 180.00  0.943839  0.006610         -99         -99         -99         -99
 20.000 500.000  1.60  1.80 -180.00 180.00  0.529593  0.001315         -99         -99         -99         -99
  7.000   8.000  1.80  2.00 -180.00 180.00  0.935011  0.002111         -99         -99         -99         -99
  8.000  10.000  1.80  2.00 -180.00 180.00  0.982409  0.007345         -99         -99         -99         -99
 10.000  15.000  1.80  2.00 -180.00 180.00  0.901685  0.001947         -99         -99         -99         -99
 15.000  20.000  1.80  2.00 -180.00 180.00  1.000000  0.019802         -99         -99         -99         -99
 20.000 500.000  1.80  2.00 -180.00 180.00  1.000000  0.047581         -99         -99         -99         -99
  7.000   8.000  2.00  2.20 -180.00 180.00  0.900248  0.002757         -99         -99         -99         -99
  8.000  10.000  2.00  2.20 -180.00 180.00  0.959642  0.006523         -99         -99         -99         -99
 10.000  15.000  2.00  2.20 -180.00 180.00  1.000000  0.012360         -99         -99         -99         -99
 15.000  20.000  2.00  2.20 -180.00 180.00  1.000000  0.019947         -99         -99         -99         -99
 20.000 500.000  2.00  2.20 -180.00 180.00  0.857143  0.032378         -99         -99         -99         -99
  7.000   8.000  2.20  2.50 -180.00 180.00  0.997472  0.042480         -99         -99         -99         -99
  8.000  10.000  2.20  2.50 -180.00 180.00  1.000000  0.030988         -99         -99         -99         -99
 10.000  15.000  2.20  2.50 -180.00 180.00  0.862244  0.005697         -99         -99         -99         -99
 15.000  20.000  2.20  2.50 -180.00 180.00  1.000000  0.079731         -99         -99         -99         -99
 20.000 500.000  2.20  2.50 -180.00 180.00  1.000000  0.301695         -99         -99         -99         -99
