# =====================================
# Summary for ./MuonID_data_cowboys.dat
# -------------------------------------
# Number of cells:    110
# Number of pass :       -10890
# Number of total:       -10890
# -------------------------------
# min momentum:       4
# max momentum:       500
# min polar angle:    0
# max polar angle:    2.5
# -------------------------------
# min efficiency:       99
# max efficiency:       -1
# min error:            99
# max error:            -1
# -------------------------------
# <Efficiency>:       0.969256
#                 +/- 3.80023e-06
# <Delta Efficiency>: 8.17279e-06
# -------------------------------
  4.000   4.500  0.00  0.20 -180.00 180.00  0.730267  0.000261         -99         -99         -99         -99
  4.500   5.000  0.00  0.20 -180.00 180.00  0.862391  0.000278         -99         -99         -99         -99
  5.000   5.500  0.00  0.20 -180.00 180.00  0.946567  0.000226         -99         -99         -99         -99
  5.500   6.000  0.00  0.20 -180.00 180.00  0.931463  0.000121         -99         -99         -99         -99
  6.000   7.000  0.00  0.20 -180.00 180.00  0.964698  0.000137         -99         -99         -99         -99
  4.000   4.500  0.20  0.30 -180.00 180.00  0.444719  0.000565         -99         -99         -99         -99
  4.500   5.000  0.20  0.30 -180.00 180.00  0.652720  0.000768         -99         -99         -99         -99
  5.000   5.500  0.20  0.30 -180.00 180.00  0.794058  0.000476         -99         -99         -99         -99
  5.500   6.000  0.20  0.30 -180.00 180.00  0.916126  0.000688         -99         -99         -99         -99
  6.000   7.000  0.20  0.30 -180.00 180.00  0.779613  0.000310         -99         -99         -99         -99
  4.000   4.500  0.30  0.60 -180.00 180.00  0.828953  0.000234         -99         -99         -99         -99
  4.500   5.000  0.30  0.60 -180.00 180.00  0.853008  0.000179         -99         -99         -99         -99
  5.000   5.500  0.30  0.60 -180.00 180.00  0.962213  0.000217         -99         -99         -99         -99
  5.500   6.000  0.30  0.60 -180.00 180.00  1.000000  0.011795         -99         -99         -99         -99
  6.000   7.000  0.30  0.60 -180.00 180.00  0.997543  0.010768         -99         -99         -99         -99
  4.000   4.500  0.60  0.80 -180.00 180.00  0.791411  0.000526         -99         -99         -99         -99
  4.500   5.000  0.60  0.80 -180.00 180.00  0.865494  0.000387         -99         -99         -99         -99
  5.000   5.500  0.60  0.80 -180.00 180.00  0.879535  0.000472         -99         -99         -99         -99
  5.500   6.000  0.60  0.80 -180.00 180.00  0.963102  0.001867         -99         -99         -99         -99
  6.000   7.000  0.60  0.80 -180.00 180.00  0.972814  0.001662         -99         -99         -99         -99
  4.000   4.500  0.80  1.20 -180.00 180.00  0.772017  0.102617         -99         -99         -99         -99
  4.500   5.000  0.80  1.20 -180.00 180.00  0.864350  0.000310         -99         -99         -99         -99
  5.000   5.500  0.80  1.20 -180.00 180.00  0.864003  0.000228         -99         -99         -99         -99
  5.500   6.000  0.80  1.20 -180.00 180.00  0.863926  0.000333         -99         -99         -99         -99
  6.000   7.000  0.80  1.20 -180.00 180.00  0.923627  0.000240         -99         -99         -99         -99
  4.000   4.500  1.20  1.40 -180.00 180.00  0.884903  0.000734         -99         -99         -99         -99
  4.500   5.000  1.20  1.40 -180.00 180.00  0.890202  0.000843         -99         -99         -99         -99
  5.000   5.500  1.20  1.40 -180.00 180.00  0.905048  0.000682         -99         -99         -99         -99
  5.500   6.000  1.20  1.40 -180.00 180.00  0.928002  0.001110         -99         -99         -99         -99
  6.000   7.000  1.20  1.40 -180.00 180.00  0.890022  0.000462         -99         -99         -99         -99
  4.000   4.500  1.40  1.60 -180.00 180.00  0.708345  0.000640         -99         -99         -99         -99
  4.500   5.000  1.40  1.60 -180.00 180.00  0.876476  0.001021         -99         -99         -99         -99
  5.000   5.500  1.40  1.60 -180.00 180.00  0.781856  0.001011         -99         -99         -99         -99
  5.500   6.000  1.40  1.60 -180.00 180.00  0.820387  0.001437         -99         -99         -99         -99
  6.000   7.000  1.40  1.60 -180.00 180.00  0.824597  0.000763         -99         -99         -99         -99
  4.000   4.500  1.60  1.80 -180.00 180.00  0.593293  0.001051         -99         -99         -99         -99
  4.500   5.000  1.60  1.80 -180.00 180.00  0.741767  0.001786         -99         -99         -99         -99
  5.000   5.500  1.60  1.80 -180.00 180.00  0.618963  0.002700         -99         -99         -99         -99
  5.500   6.000  1.60  1.80 -180.00 180.00  0.709510  0.001623         -99         -99         -99         -99
  6.000   7.000  1.60  1.80 -180.00 180.00  0.606035  0.001689         -99         -99         -99         -99
  4.000   4.500  1.80  2.00 -180.00 180.00  0.728868  0.002166         -99         -99         -99         -99
  4.500   5.000  1.80  2.00 -180.00 180.00  0.707021  0.002360         -99         -99         -99         -99
  5.000   5.500  1.80  2.00 -180.00 180.00  0.761203  0.003533         -99         -99         -99         -99
  5.500   6.000  1.80  2.00 -180.00 180.00  0.796486  0.005386         -99         -99         -99         -99
  6.000   7.000  1.80  2.00 -180.00 180.00  0.852804  0.003514         -99         -99         -99         -99
  4.000   4.500  2.00  2.20 -180.00 180.00  0.782159  0.003101         -99         -99         -99         -99
  4.500   5.000  2.00  2.20 -180.00 180.00  0.773163  0.003856         -99         -99         -99         -99
  5.000   5.500  2.00  2.20 -180.00 180.00  0.641615  0.003747         -99         -99         -99         -99
  5.500   6.000  2.00  2.20 -180.00 180.00  0.814577  0.006872         -99         -99         -99         -99
  6.000   7.000  2.00  2.20 -180.00 180.00  0.714518  0.004661         -99         -99         -99         -99
  4.000   4.500  2.20  2.50 -180.00 180.00  0.785465  0.007369         -99         -99         -99         -99
  4.500   5.000  2.20  2.50 -180.00 180.00  0.649465  0.006191         -99         -99         -99         -99
  5.000   5.500  2.20  2.50 -180.00 180.00  0.861875  0.000101         -99         -99         -99         -99
  5.500   6.000  2.20  2.50 -180.00 180.00  0.775529  0.011020         -99         -99         -99         -99
  6.000   7.000  2.20  2.50 -180.00 180.00  0.824540  0.018549         -99         -99         -99         -99
  7.000   8.000  0.00  0.20 -180.00 180.00  0.969606  0.000079         -99         -99         -99         -99
  8.000  10.000  0.00  0.20 -180.00 180.00  0.971643  0.000004         -99         -99         -99         -99
 10.000  15.000  0.00  0.20 -180.00 180.00  0.898256  0.000042         -99         -99         -99         -99
 15.000  20.000  0.00  0.20 -180.00 180.00  0.834265  0.000363         -99         -99         -99         -99
 20.000 500.000  0.00  0.20 -180.00 180.00  0.794062  0.002190         -99         -99         -99         -99
  7.000   8.000  0.20  0.30 -180.00 180.00  0.864113  0.000175         -99         -99         -99         -99
  8.000  10.000  0.20  0.30 -180.00 180.00  0.842924  0.000138         -99         -99         -99         -99
 10.000  15.000  0.20  0.30 -180.00 180.00  0.838538  0.000128         -99         -99         -99         -99
 15.000  20.000  0.20  0.30 -180.00 180.00  0.652761  0.000913         -99         -99         -99         -99
 20.000 500.000  0.20  0.30 -180.00 180.00  0.675977  0.002914         -99         -99         -99         -99
  7.000   8.000  0.30  0.60 -180.00 180.00  0.972145  0.000052         -99         -99         -99         -99
  8.000  10.000  0.30  0.60 -180.00 180.00  0.957593  0.000030         -99         -99         -99         -99
 10.000  15.000  0.30  0.60 -180.00 180.00  0.917298  0.000080         -99         -99         -99         -99
 15.000  20.000  0.30  0.60 -180.00 180.00  0.830355  0.000227         -99         -99         -99         -99
 20.000 500.000  0.30  0.60 -180.00 180.00  0.746258  0.001008         -99         -99         -99         -99
  7.000   8.000  0.60  0.80 -180.00 180.00  0.942490  0.000190         -99         -99         -99         -99
  8.000  10.000  0.60  0.80 -180.00 180.00  0.943170  0.000077         -99         -99         -99         -99
 10.000  15.000  0.60  0.80 -180.00 180.00  0.937239  0.000140         -99         -99         -99         -99
 15.000  20.000  0.60  0.80 -180.00 180.00  0.825534  0.000207         -99         -99         -99         -99
 20.000 500.000  0.60  0.80 -180.00 180.00  0.793534  0.001392         -99         -99         -99         -99
  7.000   8.000  0.80  1.20 -180.00 180.00  0.873378  0.000158         -99         -99         -99         -99
  8.000  10.000  0.80  1.20 -180.00 180.00  0.887841  0.000101         -99         -99         -99         -99
 10.000  15.000  0.80  1.20 -180.00 180.00  0.833690  0.000141         -99         -99         -99         -99
 15.000  20.000  0.80  1.20 -180.00 180.00  0.712875  0.000664         -99         -99         -99         -99
 20.000 500.000  0.80  1.20 -180.00 180.00  0.746095  0.002451         -99         -99         -99         -99
  7.000   8.000  1.20  1.40 -180.00 180.00  0.883137  0.000599         -99         -99         -99         -99
  8.000  10.000  1.20  1.40 -180.00 180.00  0.923301  0.000263         -99         -99         -99         -99
 10.000  15.000  1.20  1.40 -180.00 180.00  0.920412  0.004144         -99         -99         -99         -99
 15.000  20.000  1.20  1.40 -180.00 180.00  0.879172  0.001973         -99         -99         -99         -99
 20.000 500.000  1.20  1.40 -180.00 180.00  0.670079  0.003176         -99         -99         -99         -99
  7.000   8.000  1.40  1.60 -180.00 180.00  0.841880  0.000880         -99         -99         -99         -99
  8.000  10.000  1.40  1.60 -180.00 180.00  0.808230  0.000507         -99         -99         -99         -99
 10.000  15.000  1.40  1.60 -180.00 180.00  0.791117  0.000701         -99         -99         -99         -99
 15.000  20.000  1.40  1.60 -180.00 180.00  0.614509  0.001408         -99         -99         -99         -99
 20.000 500.000  1.40  1.60 -180.00 180.00  0.702569  0.004469         -99         -99         -99         -99
  7.000   8.000  1.60  1.80 -180.00 180.00  0.584561  0.000968         -99         -99         -99         -99
  8.000  10.000  1.60  1.80 -180.00 180.00  0.568607  0.000746         -99         -99         -99         -99
 10.000  15.000  1.60  1.80 -180.00 180.00  0.515418  0.000867         -99         -99         -99         -99
 15.000  20.000  1.60  1.80 -180.00 180.00  0.408837  0.160396         -99         -99         -99         -99
 20.000 500.000  1.60  1.80 -180.00 180.00  0.199845  0.011615         -99         -99         -99         -99
  7.000   8.000  1.80  2.00 -180.00 180.00  0.737326  0.003487         -99         -99         -99         -99
  8.000  10.000  1.80  2.00 -180.00 180.00  0.806084  0.003175         -99         -99         -99         -99
 10.000  15.000  1.80  2.00 -180.00 180.00  0.677766  0.003972         -99         -99         -99         -99
 15.000  20.000  1.80  2.00 -180.00 180.00  0.636245  0.021551         -99         -99         -99         -99
 20.000 500.000  1.80  2.00 -180.00 180.00  0.334822  0.016651         -99         -99         -99         -99
  7.000   8.000  2.00  2.20 -180.00 180.00  0.752611  0.007005         -99         -99         -99         -99
  8.000  10.000  2.00  2.20 -180.00 180.00  0.554568  0.004237         -99         -99         -99         -99
 10.000  15.000  2.00  2.20 -180.00 180.00  0.574270  0.004729         -99         -99         -99         -99
 15.000  20.000  2.00  2.20 -180.00 180.00  0.969125  0.118266         -99         -99         -99         -99
 20.000 500.000  2.00  2.20 -180.00 180.00  0.726725  0.020900         -99         -99         -99         -99
  7.000   8.000  2.20  2.50 -180.00 180.00  0.576779  0.037729         -99         -99         -99         -99
  8.000  10.000  2.20  2.50 -180.00 180.00  0.892713  0.043982         -99         -99         -99         -99
 10.000  15.000  2.20  2.50 -180.00 180.00  0.690925  0.037172         -99         -99         -99         -99
 15.000  20.000  2.20  2.50 -180.00 180.00  0.993972  0.207840         -99         -99         -99         -99
 20.000 500.000  2.20  2.50 -180.00 180.00  0.993972  0.318579         -99         -99         -99         -99
