# =================================
# Summary for ./MuonID_data_all.dat
# ---------------------------------
# Number of cells:    110
# Number of pass :       -10890
# Number of total:       -10890
# -------------------------------
# min momentum:       4
# max momentum:       500
# min polar angle:    0
# max polar angle:    2.5
# -------------------------------
# min efficiency:       99
# max efficiency:       -1
# min error:            99
# max error:            -1
# -------------------------------
# <Efficiency>:       0.972618
#                 +/- 3.04156e-07
# <Delta Efficiency>: 3.68631e-07
# -------------------------------
  4.000   4.500  0.00  0.20 -180.00 180.00  0.735855  0.000160         -99         -99         -99         -99
  4.500   5.000  0.00  0.20 -180.00 180.00  0.853547  0.000136         -99         -99         -99         -99
  5.000   5.500  0.00  0.20 -180.00 180.00  0.907892  0.000117         -99         -99         -99         -99
  5.500   6.000  0.00  0.20 -180.00 180.00  0.954784  0.000154         -99         -99         -99         -99
  6.000   7.000  0.00  0.20 -180.00 180.00  0.953435  0.000056         -99         -99         -99         -99
  4.000   4.500  0.20  0.30 -180.00 180.00  0.423720  0.000343         -99         -99         -99         -99
  4.500   5.000  0.20  0.30 -180.00 180.00  0.611375  0.000382         -99         -99         -99         -99
  5.000   5.500  0.20  0.30 -180.00 180.00  0.808298  0.000391         -99         -99         -99         -99
  5.500   6.000  0.20  0.30 -180.00 180.00  0.882445  0.000342         -99         -99         -99         -99
  6.000   7.000  0.20  0.30 -180.00 180.00  0.806629  0.000135         -99         -99         -99         -99
  4.000   4.500  0.30  0.60 -180.00 180.00  0.808238  0.000132         -99         -99         -99         -99
  4.500   5.000  0.30  0.60 -180.00 180.00  0.902183  0.000134         -99         -99         -99         -99
  5.000   5.500  0.30  0.60 -180.00 180.00  0.966099  0.000106         -99         -99         -99         -99
  5.500   6.000  0.30  0.60 -180.00 180.00  0.987454  0.004193         -99         -99         -99         -99
  6.000   7.000  0.30  0.60 -180.00 180.00  0.960128  0.000069         -99         -99         -99         -99
  4.000   4.500  0.60  0.80 -180.00 180.00  0.789248  0.000237         -99         -99         -99         -99
  4.500   5.000  0.60  0.80 -180.00 180.00  0.895486  0.000234         -99         -99         -99         -99
  5.000   5.500  0.60  0.80 -180.00 180.00  0.887786  0.000263         -99         -99         -99         -99
  5.500   6.000  0.60  0.80 -180.00 180.00  0.954751  0.000361         -99         -99         -99         -99
  6.000   7.000  0.60  0.80 -180.00 180.00  0.962015  0.000124         -99         -99         -99         -99
  4.000   4.500  0.80  1.20 -180.00 180.00  0.768596  0.000175         -99         -99         -99         -99
  4.500   5.000  0.80  1.20 -180.00 180.00  0.854849  0.000169         -99         -99         -99         -99
  5.000   5.500  0.80  1.20 -180.00 180.00  0.879135  0.000159         -99         -99         -99         -99
  5.500   6.000  0.80  1.20 -180.00 180.00  0.870403  0.000181         -99         -99         -99         -99
  6.000   7.000  0.80  1.20 -180.00 180.00  0.905528  0.000116         -99         -99         -99         -99
  4.000   4.500  1.20  1.40 -180.00 180.00  0.881404  0.000386         -99         -99         -99         -99
  4.500   5.000  1.20  1.40 -180.00 180.00  0.877457  0.000423         -99         -99         -99         -99
  5.000   5.500  1.20  1.40 -180.00 180.00  0.916967  0.000425         -99         -99         -99         -99
  5.500   6.000  1.20  1.40 -180.00 180.00  0.930812  0.000550         -99         -99         -99         -99
  6.000   7.000  1.20  1.40 -180.00 180.00  0.926062  0.000269         -99         -99         -99         -99
  4.000   4.500  1.40  1.60 -180.00 180.00  0.793334  0.000318         -99         -99         -99         -99
  4.500   5.000  1.40  1.60 -180.00 180.00  0.858305  0.000398         -99         -99         -99         -99
  5.000   5.500  1.40  1.60 -180.00 180.00  0.846283  0.000566         -99         -99         -99         -99
  5.500   6.000  1.40  1.60 -180.00 180.00  0.885294  0.000818         -99         -99         -99         -99
  6.000   7.000  1.40  1.60 -180.00 180.00  0.890772  0.000320         -99         -99         -99         -99
  4.000   4.500  1.60  1.80 -180.00 180.00  0.748803  0.000598         -99         -99         -99         -99
  4.500   5.000  1.60  1.80 -180.00 180.00  0.821172  0.000739         -99         -99         -99         -99
  5.000   5.500  1.60  1.80 -180.00 180.00  0.767645  0.000679         -99         -99         -99         -99
  5.500   6.000  1.60  1.80 -180.00 180.00  0.812593  0.000739         -99         -99         -99         -99
  6.000   7.000  1.60  1.80 -180.00 180.00  0.754590  0.000560         -99         -99         -99         -99
  4.000   4.500  1.80  2.00 -180.00 180.00  0.850943  0.000741         -99         -99         -99         -99
  4.500   5.000  1.80  2.00 -180.00 180.00  0.823838  0.000799         -99         -99         -99         -99
  5.000   5.500  1.80  2.00 -180.00 180.00  0.845949  0.001324         -99         -99         -99         -99
  5.500   6.000  1.80  2.00 -180.00 180.00  0.852944  0.001405         -99         -99         -99         -99
  6.000   7.000  1.80  2.00 -180.00 180.00  0.879395  0.000850         -99         -99         -99         -99
  4.000   4.500  2.00  2.20 -180.00 180.00  0.830543  0.001126         -99         -99         -99         -99
  4.500   5.000  2.00  2.20 -180.00 180.00  0.853405  0.001380         -99         -99         -99         -99
  5.000   5.500  2.00  2.20 -180.00 180.00  0.821895  0.002149         -99         -99         -99         -99
  5.500   6.000  2.00  2.20 -180.00 180.00  0.892352  0.002440         -99         -99         -99         -99
  6.000   7.000  2.00  2.20 -180.00 180.00  0.865943  0.001451         -99         -99         -99         -99
  4.000   4.500  2.20  2.50 -180.00 180.00  0.910431  0.003280         -99         -99         -99         -99
  4.500   5.000  2.20  2.50 -180.00 180.00  0.814330  0.003499         -99         -99         -99         -99
  5.000   5.500  2.20  2.50 -180.00 180.00  0.940060  0.005909         -99         -99         -99         -99
  5.500   6.000  2.20  2.50 -180.00 180.00  0.930133  0.013056         -99         -99         -99         -99
  6.000   7.000  2.20  2.50 -180.00 180.00  0.942321  0.014403         -99         -99         -99         -99
  7.000   8.000  0.00  0.20 -180.00 180.00  0.949477  0.000034         -99         -99         -99         -99
  8.000  10.000  0.00  0.20 -180.00 180.00  0.980141  0.000008         -99         -99         -99         -99
 10.000  15.000  0.00  0.20 -180.00 180.00  0.942914  0.000020         -99         -99         -99         -99
 15.000  20.000  0.00  0.20 -180.00 180.00  0.880486  0.000106         -99         -99         -99         -99
 20.000 500.000  0.00  0.20 -180.00 180.00  0.862919  0.000873         -99         -99         -99         -99
  7.000   8.000  0.20  0.30 -180.00 180.00  0.880936  0.000104         -99         -99         -99         -99
  8.000  10.000  0.20  0.30 -180.00 180.00  0.824880  0.000074         -99         -99         -99         -99
 10.000  15.000  0.20  0.30 -180.00 180.00  0.873389  0.000067         -99         -99         -99         -99
 15.000  20.000  0.20  0.30 -180.00 180.00  0.722455  0.000315         -99         -99         -99         -99
 20.000 500.000  0.20  0.30 -180.00 180.00  0.698130  0.001005         -99         -99         -99         -99
  7.000   8.000  0.30  0.60 -180.00 180.00  0.975104  0.000019         -99         -99         -99         -99
  8.000  10.000  0.30  0.60 -180.00 180.00  0.972639  0.000000         -99         -99         -99         -99
 10.000  15.000  0.30  0.60 -180.00 180.00  0.956324  0.000030         -99         -99         -99         -99
 15.000  20.000  0.30  0.60 -180.00 180.00  0.889053  0.000106         -99         -99         -99         -99
 20.000 500.000  0.30  0.60 -180.00 180.00  0.902003  0.000382         -99         -99         -99         -99
  7.000   8.000  0.60  0.80 -180.00 180.00  0.961042  0.000080         -99         -99         -99         -99
  8.000  10.000  0.60  0.80 -180.00 180.00  0.968041  0.000060         -99         -99         -99         -99
 10.000  15.000  0.60  0.80 -180.00 180.00  0.950318  0.000065         -99         -99         -99         -99
 15.000  20.000  0.60  0.80 -180.00 180.00  0.896208  0.000178         -99         -99         -99         -99
 20.000 500.000  0.60  0.80 -180.00 180.00  0.862949  0.000780         -99         -99         -99         -99
  7.000   8.000  0.80  1.20 -180.00 180.00  0.897871  0.000094         -99         -99         -99         -99
  8.000  10.000  0.80  1.20 -180.00 180.00  0.906806  0.000070         -99         -99         -99         -99
 10.000  15.000  0.80  1.20 -180.00 180.00  0.890183  0.000061         -99         -99         -99         -99
 15.000  20.000  0.80  1.20 -180.00 180.00  0.802707  0.000299         -99         -99         -99         -99
 20.000 500.000  0.80  1.20 -180.00 180.00  0.853843  0.001423         -99         -99         -99         -99
  7.000   8.000  1.20  1.40 -180.00 180.00  0.937829  0.000288         -99         -99         -99         -99
  8.000  10.000  1.20  1.40 -180.00 180.00  0.966882  0.000169         -99         -99         -99         -99
 10.000  15.000  1.20  1.40 -180.00 180.00  0.942914  0.000272         -99         -99         -99         -99
 15.000  20.000  1.20  1.40 -180.00 180.00  0.937079  0.001199         -99         -99         -99         -99
 20.000 500.000  1.20  1.40 -180.00 180.00  0.777432  0.002061         -99         -99         -99         -99
  7.000   8.000  1.40  1.60 -180.00 180.00  0.927799  0.000468         -99         -99         -99         -99
  8.000  10.000  1.40  1.60 -180.00 180.00  0.908268  0.000272         -99         -99         -99         -99
 10.000  15.000  1.40  1.60 -180.00 180.00  0.902846  0.000270         -99         -99         -99         -99
 15.000  20.000  1.40  1.60 -180.00 180.00  0.830113  0.000757         -99         -99         -99         -99
 20.000 500.000  1.40  1.60 -180.00 180.00  0.742676  0.001203         -99         -99         -99         -99
  7.000   8.000  1.60  1.80 -180.00 180.00  0.753887  0.000372         -99         -99         -99         -99
  8.000  10.000  1.60  1.80 -180.00 180.00  0.782082  0.000343         -99         -99         -99         -99
 10.000  15.000  1.60  1.80 -180.00 180.00  0.704307  0.000256         -99         -99         -99         -99
 15.000  20.000  1.60  1.80 -180.00 180.00  0.746250  0.001957         -99         -99         -99         -99
 20.000 500.000  1.60  1.80 -180.00 180.00  0.578018  0.003635         -99         -99         -99         -99
  7.000   8.000  1.80  2.00 -180.00 180.00  0.877890  0.000749         -99         -99         -99         -99
  8.000  10.000  1.80  2.00 -180.00 180.00  0.898191  0.000691         -99         -99         -99         -99
 10.000  15.000  1.80  2.00 -180.00 180.00  0.879126  0.000860         -99         -99         -99         -99
 15.000  20.000  1.80  2.00 -180.00 180.00  0.882693  0.004519         -99         -99         -99         -99
 20.000 500.000  1.80  2.00 -180.00 180.00  0.590069  0.003106         -99         -99         -99         -99
  7.000   8.000  2.00  2.20 -180.00 180.00  0.908022  0.001872         -99         -99         -99         -99
  8.000  10.000  2.00  2.20 -180.00 180.00  0.799648  0.001251         -99         -99         -99         -99
 10.000  15.000  2.00  2.20 -180.00 180.00  0.788829  0.001302         -99         -99         -99         -99
 15.000  20.000  2.00  2.20 -180.00 180.00  0.789457  0.004533         -99         -99         -99         -99
 20.000 500.000  2.00  2.20 -180.00 180.00  0.781090  0.019550         -99         -99         -99         -99
  7.000   8.000  2.20  2.50 -180.00 180.00  0.853354  0.016175         -99         -99         -99         -99
  8.000  10.000  2.20  2.50 -180.00 180.00  1.000000  0.021979         -99         -99         -99         -99
 10.000  15.000  2.20  2.50 -180.00 180.00  0.839008  0.004721         -99         -99         -99         -99
 15.000  20.000  2.20  2.50 -180.00 180.00  0.959335  0.067785         -99         -99         -99         -99
 20.000 500.000  2.20  2.50 -180.00 180.00  0.611259  0.052625         -99         -99         -99         -99
