0.5              0.0137658       0.00923774
1.25             0.0100155       0.00628655
1.875            0.00797164      0.00492119
2.625            0.00658787      0.00410412
3.5              0.00572284      0.00368464
4.5              0.00505184      0.00343394
5.75             0.00449788      0.00320745
7.5              0.00401739      0.00298861
9.75             0.00347493      0.0026078
12.625           0.00275133      0.00209468
16.375           0.00213299      0.00164163
21.25            0.00173518      0.00138587
27.75            0.00153615      0.00127005
36.125           0.00139503      0.00118276
47               0.00129726      0.00114283
61.25            0.00123526      0.00109353
79.75            0.00119431      0.00106745
103.875          0.00117577      0.00104832
135.375          0.00115479      0.00103698
176.5            0.00114586      0.00103189
0.5              0.0241129       0.0161081
1.25             0.0190435       0.0117528
1.875            0.014741        0.00813047
2.625            0.0115658       0.0062524
3.5              0.00960931      0.00531013
4.5              0.00825183      0.00469691
5.75             0.00730466      0.00424941
7.5              0.00632554      0.00388293
9.75             0.00561577      0.00361042
12.625           0.00476642      0.00308228
16.375           0.00387923      0.00252007
21.25            0.0030953       0.00203758
27.75            0.0024714       0.00161259
36.125           0.00210256      0.00140209
47               0.00185913      0.00131706
61.25            0.00164148      0.00120277
79.75            0.00149344      0.00113915
103.875          0.00137504      0.00108852
135.375          0.00129313      0.00103515
176.5            0.00125534      0.000994594
0.5              0.0399518       0.0248401
1.25             0.0303446       0.0196772
1.875            0.0233522       0.0148947
2.625            0.0185654       0.0113487
3.5              0.0155263       0.00899094
4.5              0.0131928       0.0073588
5.75             0.0114184       0.00628219
7.5              0.00978559      0.00542229
9.75             0.00831368      0.00478099
12.625           0.00711884      0.00412717
16.375           0.00609824      0.00353243
21.25            0.00497229      0.00295996
27.75            0.00405543      0.00238064
36.125           0.00327915      0.0018761
47               0.00275117      0.00160664
61.25            0.00239033      0.00145272
79.75            0.00206054      0.00133819
103.875          0.00182087      0.00123276
135.375          0.00167353      0.00114226
176.5            0.00151441      0.00107324
0.5              0.0687432       0.0522965
1.25             0.0583256       0.0452802
1.875            0.0469549       0.0387741
2.625            0.0392875       0.0298549
3.5              0.0324586       0.0221821
4.5              0.0265231       0.0166882
5.75             0.0217402       0.012933
7.5              0.0179263       0.0100601
9.75             0.0149723       0.00805136
12.625           0.0126973       0.00663998
16.375           0.0107664       0.0054578
21.25            0.00912871      0.0046623
27.75            0.00760503      0.00394951
36.125           0.00636777      0.00325226
47               0.00503762      0.00247344
61.25            0.00414874      0.00202295
79.75            0.00362918      0.001794
103.875          0.0032127       0.00163076
135.375          0.0028966       0.00151243
176.5            0.00260824      0.00140189
