0.5              0.0291316       0.0181035
1.25             0.0193883       0.0132397
1.875            0.0150154       0.0106497
2.625            0.011742        0.00800839
3.5              0.00907799      0.00493383
4.5              0.00728537      0.00379936
5.75             0.00588341      0.00313137
7.5              0.00518293      0.0028572
9.75             0.00458982      0.00268227
12.625           0.00436973      0.00254671
16.375           0.00416598      0.00243815
21.25            0.00407721      0.00236192
27.75            0.00390397      0.00234083
36.125           0.00384271      0.00230287
47               0.0038075       0.00227005
61.25            0.00374053      0.00226774
79.75            0.00369986      0.00228238
103.875          0.00371208      0.00226954
135.375          0.00369066      0.00225889
176.5            0.0036982       0.00225719
0.5              0.0988338       0.0553978
1.25             0.0785555       0.0423619
1.875            0.0573279       0.0359881
2.625            0.0436959       0.0304991
3.5              0.0346735       0.0264561
4.5              0.0257291       0.0195565
5.75             0.021024        0.00810712
7.5              0.0151327       0.00530011
9.75             0.0116033       0.00431393
12.625           0.00976271      0.00383654
16.375           0.00783062      0.00336507
21.25            0.0071474       0.00308275
27.75            0.00644755      0.00294551
36.125           0.00595801      0.00277017
47               0.00550772      0.00266355
61.25            0.00528184      0.00260756
79.75            0.00517446      0.00256623
103.875          0.00500326      0.00253219
135.375          0.00497434      0.00252434
176.5            0.00491128      0.00248682
0.5              0.230144        0.229109
1.25             0.22966         0.133401
1.875            0.230382        0.0780838
2.625            0.111625        0.0529396
3.5              0.0840577       0.0468694
4.5              0.0735353       0.0352922
5.75             0.0486484       0.0252688
7.5              0.0328008       0.0183207
9.75             0.0243694       0.0106681
12.625           0.0192532       0.00720267
16.375           0.0157315       0.00580866
21.25            0.0138284       0.00517792
27.75            0.0122764       0.00445349
36.125           0.0108287       0.00413855
47               0.00956479      0.00381014
61.25            0.00888214      0.00357997
79.75            0.00799407      0.00339712
103.875          0.00768602      0.00328189
135.375          0.00736855      0.00321758
176.5            0.00720146      0.00315956
0.5              0.578064        0.221829
1.25             0.575568        0.185493
1.875            0.521883        0.218369
2.625            0.576233        0.206111
3.5              0.308593        0.18563
4.5              0.247657        0.1559
5.75             0.209085        0.141508
7.5              0.152537        0.102529
9.75             0.12237         0.0743781
12.625           0.0838051       0.0515744
16.375           0.0563429       0.02181
21.25            0.0451402       0.0136164
27.75            0.037683        0.0100388
36.125           0.0329597       0.00829483
47               0.0295372       0.00709266
61.25            0.0260395       0.00635982
79.75            0.0228132       0.00562088
103.875          0.0206778       0.00518964
135.375          0.019492        0.00487653
176.5            0.0191413       0.00465278
