# ============================================================================
# Summary for luca/H2D_MuonIDEfficiency_GlbTM_ProbeTrackMatched_mc_MCTRUTH.dat
# ----------------------------------------------------------------------------
# Number of cells:    96
# Number of pass :        -9504
# Number of total:        -9504
# -------------------------------
# min momentum:       3
# max momentum:       20
# min polar angle:    0
# max polar angle:    2.4
# -------------------------------
# min efficiency:       99
# max efficiency:       -1
# min error:            99
# max error:            -1
# -------------------------------
# <Efficiency>:       0.806924
#                 +/- 0.000431016
# <Delta Efficiency>: 0.00367709
# -------------------------------
 3.000  3.500  0.00  0.20 -180.00 180.00  0.020804  0.001785         -99         -99         -99         -99
 3.500  4.000  0.00  0.20 -180.00 180.00  0.271782  0.006244         -99         -99         -99         -99
 4.000  4.500  0.00  0.20 -180.00 180.00  0.388117  0.007704         -99         -99         -99         -99
 4.500  5.000  0.00  0.20 -180.00 180.00  0.570416  0.009096         -99         -99         -99         -99
 5.000  5.500  0.00  0.20 -180.00 180.00  0.803742  0.008548         -99         -99         -99         -99
 5.500  6.000  0.00  0.20 -180.00 180.00  0.947953  0.005697         -99         -99         -99         -99
 6.000  7.000  0.00  0.20 -180.00 180.00  0.984496  0.002799         -99         -99         -99         -99
 7.000  9.000  0.00  0.20 -180.00 180.00  0.991939  0.001960         -99         -99         -99         -99
 9.000 11.000  0.00  0.20 -180.00 180.00  0.989061  0.003633         -99         -99         -99         -99
11.000 14.000  0.00  0.20 -180.00 180.00  0.980690  0.005853         -99         -99         -99         -99
14.000 17.000  0.00  0.20 -180.00 180.00  0.972125  0.011580         -99         -99         -99         -99
17.000 999.00  0.00  0.20 -180.00 180.00  0.977612  0.016803         -99         -99         -99         -99
 3.000  3.500  0.20  0.30 -180.00 180.00  0.031537  0.003121         -99         -99         -99         -99
 3.500  4.000  0.20  0.30 -180.00 180.00  0.245392  0.008671         -99         -99         -99         -99
 4.000  4.500  0.20  0.30 -180.00 180.00  0.349404  0.010935         -99         -99         -99         -99
 4.500  5.000  0.20  0.30 -180.00 180.00  0.589947  0.013046         -99         -99         -99         -99
 5.000  5.500  0.20  0.30 -180.00 180.00  0.797166  0.012474         -99         -99         -99         -99
 5.500  6.000  0.20  0.30 -180.00 180.00  0.860123  0.012829         -99         -99         -99         -99
 6.000  7.000  0.20  0.30 -180.00 180.00  0.933586  0.008191         -99         -99         -99         -99
 7.000  9.000  0.20  0.30 -180.00 180.00  0.952252  0.006892         -99         -99         -99         -99
 9.000 11.000  0.20  0.30 -180.00 180.00  0.958071  0.010298         -99         -99         -99         -99
11.000 14.000  0.20  0.30 -180.00 180.00  0.944444  0.014828         -99         -99         -99         -99
14.000 17.000  0.20  0.30 -180.00 180.00  0.962121  0.020633         -99         -99         -99         -99
17.000 999.00  0.20  0.30 -180.00 180.00  0.915254  0.044893         -99         -99         -99         -99
 3.000  3.500  0.30  0.60 -180.00 180.00  0.078187  0.002711         -99         -99         -99         -99
 3.500  4.000  0.30  0.60 -180.00 180.00  0.357413  0.005479         -99         -99         -99         -99
 4.000  4.500  0.30  0.60 -180.00 180.00  0.512063  0.006613         -99         -99         -99         -99
 4.500  5.000  0.30  0.60 -180.00 180.00  0.768786  0.006310         -99         -99         -99         -99
 5.000  5.500  0.30  0.60 -180.00 180.00  0.944218  0.004080         -99         -99         -99         -99
 5.500  6.000  0.30  0.60 -180.00 180.00  0.976950  0.003153         -99         -99         -99         -99
 6.000  7.000  0.30  0.60 -180.00 180.00  0.985647  0.002196         -99         -99         -99         -99
 7.000  9.000  0.30  0.60 -180.00 180.00  0.989295  0.001855         -99         -99         -99         -99
 9.000 11.000  0.30  0.60 -180.00 180.00  0.984697  0.003297         -99         -99         -99         -99
11.000 14.000  0.30  0.60 -180.00 180.00  0.980392  0.004621         -99         -99         -99         -99
14.000 17.000  0.30  0.60 -180.00 180.00  0.957393  0.011448         -99         -99         -99         -99
17.000 999.00  0.30  0.60 -180.00 180.00  0.973404  0.014583         -99         -99         -99         -99
 3.000  3.500  0.60  0.80 -180.00 180.00  0.069720  0.003156         -99         -99         -99         -99
 3.500  4.000  0.60  0.80 -180.00 180.00  0.343427  0.006706         -99         -99         -99         -99
 4.000  4.500  0.60  0.80 -180.00 180.00  0.615967  0.008029         -99         -99         -99         -99
 4.500  5.000  0.60  0.80 -180.00 180.00  0.868189  0.006308         -99         -99         -99         -99
 5.000  5.500  0.60  0.80 -180.00 180.00  0.946953  0.004940         -99         -99         -99         -99
 5.500  6.000  0.60  0.80 -180.00 180.00  0.973058  0.004395         -99         -99         -99         -99
 6.000  7.000  0.60  0.80 -180.00 180.00  0.983243  0.002979         -99         -99         -99         -99
 7.000  9.000  0.60  0.80 -180.00 180.00  0.985356  0.002685         -99         -99         -99         -99
 9.000 11.000  0.60  0.80 -180.00 180.00  0.984279  0.004148         -99         -99         -99         -99
11.000 14.000  0.60  0.80 -180.00 180.00  0.979282  0.006037         -99         -99         -99         -99
14.000 17.000  0.60  0.80 -180.00 180.00  0.986014  0.008841         -99         -99         -99         -99
17.000 999.00  0.60  0.80 -180.00 180.00  0.934783  0.024807         -99         -99         -99         -99
 3.000  3.500  0.80  1.20 -180.00 180.00  0.125639  0.002907         -99         -99         -99         -99
 3.500  4.000  0.80  1.20 -180.00 180.00  0.476200  0.005083         -99         -99         -99         -99
 4.000  4.500  0.80  1.20 -180.00 180.00  0.747284  0.005034         -99         -99         -99         -99
 4.500  5.000  0.80  1.20 -180.00 180.00  0.900652  0.003974         -99         -99         -99         -99
 5.000  5.500  0.80  1.20 -180.00 180.00  0.958371  0.003144         -99         -99         -99         -99
 5.500  6.000  0.80  1.20 -180.00 180.00  0.971917  0.003057         -99         -99         -99         -99
 6.000  7.000  0.80  1.20 -180.00 180.00  0.975550  0.002440         -99         -99         -99         -99
 7.000  9.000  0.80  1.20 -180.00 180.00  0.973599  0.002471         -99         -99         -99         -99
 9.000 11.000  0.80  1.20 -180.00 180.00  0.975250  0.003651         -99         -99         -99         -99
11.000 14.000  0.80  1.20 -180.00 180.00  0.965951  0.005338         -99         -99         -99         -99
14.000 17.000  0.80  1.20 -180.00 180.00  0.957529  0.009894         -99         -99         -99         -99
17.000 999.00  0.80  1.20 -180.00 180.00  0.933071  0.017758         -99         -99         -99         -99
 3.000  3.500  1.20  1.60 -180.00 180.00  0.774041  0.003908         -99         -99         -99         -99
 3.500  4.000  1.20  1.60 -180.00 180.00  0.885711  0.003472         -99         -99         -99         -99
 4.000  4.500  1.20  1.60 -180.00 180.00  0.924753  0.003293         -99         -99         -99         -99
 4.500  5.000  1.20  1.60 -180.00 180.00  0.943793  0.003395         -99         -99         -99         -99
 5.000  5.500  1.20  1.60 -180.00 180.00  0.944266  0.003911         -99         -99         -99         -99
 5.500  6.000  1.20  1.60 -180.00 180.00  0.959686  0.004010         -99         -99         -99         -99
 6.000  7.000  1.20  1.60 -180.00 180.00  0.958749  0.003467         -99         -99         -99         -99
 7.000  9.000  1.20  1.60 -180.00 180.00  0.971864  0.002830         -99         -99         -99         -99
 9.000 11.000  1.20  1.60 -180.00 180.00  0.976051  0.004014         -99         -99         -99         -99
11.000 14.000  1.20  1.60 -180.00 180.00  0.976021  0.005039         -99         -99         -99         -99
14.000 17.000  1.20  1.60 -180.00 180.00  0.959906  0.010787         -99         -99         -99         -99
17.000 999.00  1.20  1.60 -180.00 180.00  0.961957  0.016988         -99         -99         -99         -99
 3.000  3.500  1.60  2.10 -180.00 180.00  0.908473  0.003065         -99         -99         -99         -99
 3.500  4.000  1.60  2.10 -180.00 180.00  0.925937  0.003233         -99         -99         -99         -99
 4.000  4.500  1.60  2.10 -180.00 180.00  0.939429  0.003440         -99         -99         -99         -99
 4.500  5.000  1.60  2.10 -180.00 180.00  0.932419  0.004073         -99         -99         -99         -99
 5.000  5.500  1.60  2.10 -180.00 180.00  0.941314  0.004484         -99         -99         -99         -99
 5.500  6.000  1.60  2.10 -180.00 180.00  0.942518  0.005229         -99         -99         -99         -99
 6.000  7.000  1.60  2.10 -180.00 180.00  0.953772  0.004247         -99         -99         -99         -99
 7.000  9.000  1.60  2.10 -180.00 180.00  0.966453  0.003601         -99         -99         -99         -99
 9.000 11.000  1.60  2.10 -180.00 180.00  0.973684  0.005124         -99         -99         -99         -99
11.000 14.000  1.60  2.10 -180.00 180.00  0.968153  0.006953         -99         -99         -99         -99
14.000 17.000  1.60  2.10 -180.00 180.00  0.925795  0.017448         -99         -99         -99         -99
17.000 999.00  1.60  2.10 -180.00 180.00  0.961538  0.023950         -99         -99         -99         -99
 3.000  3.500  2.10  2.40 -180.00 180.00  0.932208  0.004539         -99         -99         -99         -99
 3.500  4.000  2.10  2.40 -180.00 180.00  0.956467  0.004432         -99         -99         -99         -99
 4.000  4.500  2.10  2.40 -180.00 180.00  0.954913  0.005309         -99         -99         -99         -99
 4.500  5.000  2.10  2.40 -180.00 180.00  0.959293  0.005896         -99         -99         -99         -99
 5.000  5.500  2.10  2.40 -180.00 180.00  0.965000  0.006353         -99         -99         -99         -99
 5.500  6.000  2.10  2.40 -180.00 180.00  0.969156  0.007837         -99         -99         -99         -99
 6.000  7.000  2.10  2.40 -180.00 180.00  0.970149  0.006672         -99         -99         -99         -99
 7.000  9.000  2.10  2.40 -180.00 180.00  0.980469  0.005694         -99         -99         -99         -99
 9.000 11.000  2.10  2.40 -180.00 180.00  0.975945  0.010824         -99         -99         -99         -99
11.000 14.000  2.10  2.40 -180.00 180.00  1.000000  0.005257         -99         -99         -99         -99
14.000 17.000  2.10  2.40 -180.00 180.00  1.000000  0.018158         -99         -99         -99         -99
17.000 999.00  2.10  2.40 -180.00 180.00  1.000000  0.034334         -99         -99         -99         -99
