# =======================================================================
# Summary for luca/H2D_MuonIDEfficiency_GlbTM_ProbeTrackMatched_mc_MC.dat
# -----------------------------------------------------------------------
# Number of cells:    96
# Number of pass :        -9504
# Number of total:        -9504
# -------------------------------
# min momentum:       3
# max momentum:       20
# min polar angle:    0
# max polar angle:    2.4
# -------------------------------
# min efficiency:       99
# max efficiency:       -1
# min error:            99
# max error:            -1
# -------------------------------
# <Efficiency>:       0.826938
#                 +/- 0.000421389
# <Delta Efficiency>: 0.00355671
# -------------------------------
 3.000  3.500  0.00  0.20 -180.00 180.00  0.020879  0.001711         -99         -99         -99         -99
 3.500  4.000  0.00  0.20 -180.00 180.00  0.273653  0.006330         -99         -99         -99         -99
 4.000  4.500  0.00  0.20 -180.00 180.00  0.388409  0.007625         -99         -99         -99         -99
 4.500  5.000  0.00  0.20 -180.00 180.00  0.570241  0.008885         -99         -99         -99         -99
 5.000  5.500  0.00  0.20 -180.00 180.00  0.808076  0.008416         -99         -99         -99         -99
 5.500  6.000  0.00  0.20 -180.00 180.00  0.946274  0.007671         -99         -99         -99         -99
 6.000  7.000  0.00  0.20 -180.00 180.00  0.986276  0.002516         -99         -99         -99         -99
 7.000  9.000  0.00  0.20 -180.00 180.00  0.991940  0.001754         -99         -99         -99         -99
 9.000 11.000  0.00  0.20 -180.00 180.00  0.989053  0.003147         -99         -99         -99         -99
11.000 14.000  0.00  0.20 -180.00 180.00  0.980524  0.005166         -99         -99         -99         -99
14.000 17.000  0.00  0.20 -180.00 180.00  0.971615  0.009914         -99         -99         -99         -99
17.000 999.00  0.00  0.20 -180.00 180.00  0.977686  0.012868         -99         -99         -99         -99
 3.000  3.500  0.20  0.30 -180.00 180.00  0.031865  0.002993         -99         -99         -99         -99
 3.500  4.000  0.20  0.30 -180.00 180.00  0.246831  0.008552         -99         -99         -99         -99
 4.000  4.500  0.20  0.30 -180.00 180.00  0.349796  0.010680         -99         -99         -99         -99
 4.500  5.000  0.20  0.30 -180.00 180.00  0.591003  0.012893         -99         -99         -99         -99
 5.000  5.500  0.20  0.30 -180.00 180.00  0.797632  0.012249         -99         -99         -99         -99
 5.500  6.000  0.20  0.30 -180.00 180.00  0.859061  0.012264         -99         -99         -99         -99
 6.000  7.000  0.20  0.30 -180.00 180.00  0.936003  0.007872         -99         -99         -99         -99
 7.000  9.000  0.20  0.30 -180.00 180.00  0.952618  0.006512         -99         -99         -99         -99
 9.000 11.000  0.20  0.30 -180.00 180.00  0.958148  0.009186         -99         -99         -99         -99
11.000 14.000  0.20  0.30 -180.00 180.00  0.944413  0.013103         -99         -99         -99         -99
14.000 17.000  0.20  0.30 -180.00 180.00  0.962130  0.016674         -99         -99         -99         -99
17.000 999.00  0.20  0.30 -180.00 180.00  0.915151  0.036258         -99         -99         -99         -99
 3.000  3.500  0.30  0.60 -180.00 180.00  0.078879  0.002679         -99         -99         -99         -99
 3.500  4.000  0.30  0.60 -180.00 180.00  0.358407  0.005500         -99         -99         -99         -99
 4.000  4.500  0.30  0.60 -180.00 180.00  0.514312  0.006603         -99         -99         -99         -99
 4.500  5.000  0.30  0.60 -180.00 180.00  0.771406  0.006260         -99         -99         -99         -99
 5.000  5.500  0.30  0.60 -180.00 180.00  0.945472  0.003963         -99         -99         -99         -99
 5.500  6.000  0.30  0.60 -180.00 180.00  0.977609  0.003011         -99         -99         -99         -99
 6.000  7.000  0.30  0.60 -180.00 180.00  0.985299  0.002067         -99         -99         -99         -99
 7.000  9.000  0.30  0.60 -180.00 180.00  0.989252  0.001719         -99         -99         -99         -99
 9.000 11.000  0.30  0.60 -180.00 180.00  0.985255  0.003154         -99         -99         -99         -99
11.000 14.000  0.30  0.60 -180.00 180.00  0.980196  0.004294         -99         -99         -99         -99
14.000 17.000  0.30  0.60 -180.00 180.00  0.958587  0.010715         -99         -99         -99         -99
17.000 999.00  0.30  0.60 -180.00 180.00  0.977361  0.012336         -99         -99         -99         -99
 3.000  3.500  0.60  0.80 -180.00 180.00  0.069124  0.003168         -99         -99         -99         -99
 3.500  4.000  0.60  0.80 -180.00 180.00  0.342913  0.006788         -99         -99         -99         -99
 4.000  4.500  0.60  0.80 -180.00 180.00  0.616688  0.008030         -99         -99         -99         -99
 4.500  5.000  0.60  0.80 -180.00 180.00  0.867610  0.006293         -99         -99         -99         -99
 5.000  5.500  0.60  0.80 -180.00 180.00  0.948498  0.004758         -99         -99         -99         -99
 5.500  6.000  0.60  0.80 -180.00 180.00  0.975015  0.004066         -99         -99         -99         -99
 6.000  7.000  0.60  0.80 -180.00 180.00  0.983365  0.002754         -99         -99         -99         -99
 7.000  9.000  0.60  0.80 -180.00 180.00  0.984821  0.002514         -99         -99         -99         -99
 9.000 11.000  0.60  0.80 -180.00 180.00  0.987177  0.003633         -99         -99         -99         -99
11.000 14.000  0.60  0.80 -180.00 180.00  0.979218  0.005315         -99         -99         -99         -99
14.000 17.000  0.60  0.80 -180.00 180.00  0.989176  0.007099         -99         -99         -99         -99
17.000 999.00  0.60  0.80 -180.00 180.00  0.934771  0.021033         -99         -99         -99         -99
 3.000  3.500  0.80  1.20 -180.00 180.00  0.125774  0.064387         -99         -99         -99         -99
 3.500  4.000  0.80  1.20 -180.00 180.00  0.475700  0.005147         -99         -99         -99         -99
 4.000  4.500  0.80  1.20 -180.00 180.00  0.749238  0.005117         -99         -99         -99         -99
 4.500  5.000  0.80  1.20 -180.00 180.00  0.900291  0.003939         -99         -99         -99         -99
 5.000  5.500  0.80  1.20 -180.00 180.00  0.959373  0.003054         -99         -99         -99         -99
 5.500  6.000  0.80  1.20 -180.00 180.00  0.971660  0.003071         -99         -99         -99         -99
 6.000  7.000  0.80  1.20 -180.00 180.00  0.976438  0.002392         -99         -99         -99         -99
 7.000  9.000  0.80  1.20 -180.00 180.00  0.973913  0.002393         -99         -99         -99         -99
 9.000 11.000  0.80  1.20 -180.00 180.00  0.976132  0.003398         -99         -99         -99         -99
11.000 14.000  0.80  1.20 -180.00 180.00  0.967160  0.023535         -99         -99         -99         -99
14.000 17.000  0.80  1.20 -180.00 180.00  0.957528  0.008867         -99         -99         -99         -99
17.000 999.00  0.80  1.20 -180.00 180.00  0.933104  0.015687         -99         -99         -99         -99
 3.000  3.500  1.20  1.60 -180.00 180.00  0.773929  0.004012         -99         -99         -99         -99
 3.500  4.000  1.20  1.60 -180.00 180.00  0.884237  0.003569         -99         -99         -99         -99
 4.000  4.500  1.20  1.60 -180.00 180.00  0.923798  0.003399         -99         -99         -99         -99
 4.500  5.000  1.20  1.60 -180.00 180.00  0.943801  0.003513         -99         -99         -99         -99
 5.000  5.500  1.20  1.60 -180.00 180.00  0.945730  0.003869         -99         -99         -99         -99
 5.500  6.000  1.20  1.60 -180.00 180.00  0.959787  0.003879         -99         -99         -99         -99
 6.000  7.000  1.20  1.60 -180.00 180.00  0.959767  0.003409         -99         -99         -99         -99
 7.000  9.000  1.20  1.60 -180.00 180.00  0.972494  0.002822         -99         -99         -99         -99
 9.000 11.000  1.20  1.60 -180.00 180.00  0.975845  0.003731         -99         -99         -99         -99
11.000 14.000  1.20  1.60 -180.00 180.00  0.976019  0.004563         -99         -99         -99         -99
14.000 17.000  1.20  1.60 -180.00 180.00  0.959509  0.009632         -99         -99         -99         -99
17.000 999.00  1.20  1.60 -180.00 180.00  0.966470  0.013846         -99         -99         -99         -99
 3.000  3.500  1.60  2.10 -180.00 180.00  0.906882  0.003278         -99         -99         -99         -99
 3.500  4.000  1.60  2.10 -180.00 180.00  0.925249  0.003238         -99         -99         -99         -99
 4.000  4.500  1.60  2.10 -180.00 180.00  0.940203  0.003443         -99         -99         -99         -99
 4.500  5.000  1.60  2.10 -180.00 180.00  0.929988  0.004321         -99         -99         -99         -99
 5.000  5.500  1.60  2.10 -180.00 180.00  0.941147  0.004520         -99         -99         -99         -99
 5.500  6.000  1.60  2.10 -180.00 180.00  0.940937  0.005108         -99         -99         -99         -99
 6.000  7.000  1.60  2.10 -180.00 180.00  0.953975  0.004196         -99         -99         -99         -99
 7.000  9.000  1.60  2.10 -180.00 180.00  0.965521  0.003494         -99         -99         -99         -99
 9.000 11.000  1.60  2.10 -180.00 180.00  0.973600  0.004699         -99         -99         -99         -99
11.000 14.000  1.60  2.10 -180.00 180.00  0.971106  0.006760         -99         -99         -99         -99
14.000 17.000  1.60  2.10 -180.00 180.00  0.928144  0.007548         -99         -99         -99         -99
17.000 999.00  1.60  2.10 -180.00 180.00  0.961578  0.018929         -99         -99         -99         -99
 3.000  3.500  2.10  2.40 -180.00 180.00  0.933736  0.005483         -99         -99         -99         -99
 3.500  4.000  2.10  2.40 -180.00 180.00  0.960474  0.004602         -99         -99         -99         -99
 4.000  4.500  2.10  2.40 -180.00 180.00  0.952968  0.005547         -99         -99         -99         -99
 4.500  5.000  2.10  2.40 -180.00 180.00  0.957888  0.006967         -99         -99         -99         -99
 5.000  5.500  2.10  2.40 -180.00 180.00  0.966430  0.006083         -99         -99         -99         -99
 5.500  6.000  2.10  2.40 -180.00 180.00  0.968010  0.007246         -99         -99         -99         -99
 6.000  7.000  2.10  2.40 -180.00 180.00  0.973345  0.006841         -99         -99         -99         -99
 7.000  9.000  2.10  2.40 -180.00 180.00  0.979750  0.005193         -99         -99         -99         -99
 9.000 11.000  2.10  2.40 -180.00 180.00  0.974280  0.010321         -99         -99         -99         -99
11.000 14.000  2.10  2.40 -180.00 180.00  1.000000  0.005256         -99         -99         -99         -99
14.000 17.000  2.10  2.40 -180.00 180.00  1.000000  0.020730         -99         -99         -99         -99
17.000 999.00  2.10  2.40 -180.00 180.00  1.000000  0.044610         -99         -99         -99         -99
