# ========================================================================
# Summary for luca/H2D_L3Efficiency_GlbTM_ProbeTrackMatched_mc_MCTRUTH.dat
# ------------------------------------------------------------------------
# Number of cells:    96
# Number of pass :        -9504
# Number of total:        -9504
# -------------------------------
# min momentum:       3
# max momentum:       20
# min polar angle:    0
# max polar angle:    2.4
# -------------------------------
# min efficiency:       99
# max efficiency:       -1
# min error:            99
# max error:            -1
# -------------------------------
# <Efficiency>:       0.976761
#                 +/- 0.000200986
# <Delta Efficiency>: 0.00162851
# -------------------------------
 3.000  3.500  0.00  0.20 -180.00 180.00  0.126761  0.025251         -99         -99         -99         -99
 3.500  4.000  0.00  0.20 -180.00 180.00  0.499556  0.010815         -99         -99         -99         -99
 4.000  4.500  0.00  0.20 -180.00 180.00  0.725995  0.009055         -99         -99         -99         -99
 4.500  5.000  0.00  0.20 -180.00 180.00  0.862010  0.006605         -99         -99         -99         -99
 5.000  5.500  0.00  0.20 -180.00 180.00  0.919876  0.004967         -99         -99         -99         -99
 5.500  6.000  0.00  0.20 -180.00 180.00  0.967123  0.003492         -99         -99         -99         -99
 6.000  7.000  0.00  0.20 -180.00 180.00  0.976253  0.002493         -99         -99         -99         -99
 7.000  9.000  0.00  0.20 -180.00 180.00  0.989218  0.001671         -99         -99         -99         -99
 9.000 11.000  0.00  0.20 -180.00 180.00  0.998404  0.001214         -99         -99         -99         -99
11.000 14.000  0.00  0.20 -180.00 180.00  1.000000  0.000771         -99         -99         -99         -99
14.000 17.000  0.00  0.20 -180.00 180.00  1.000000  0.001755         -99         -99         -99         -99
17.000 999.00  0.00  0.20 -180.00 180.00  1.000000  0.004469         -99         -99         -99         -99
 3.000  3.500  0.20  0.30 -180.00 180.00  0.133333  0.031199         -99         -99         -99         -99
 3.500  4.000  0.20  0.30 -180.00 180.00  0.401806  0.017118         -99         -99         -99         -99
 4.000  4.500  0.20  0.30 -180.00 180.00  0.673973  0.014696         -99         -99         -99         -99
 4.500  5.000  0.20  0.30 -180.00 180.00  0.751061  0.011914         -99         -99         -99         -99
 5.000  5.500  0.20  0.30 -180.00 180.00  0.825031  0.009844         -99         -99         -99         -99
 5.500  6.000  0.20  0.30 -180.00 180.00  0.862372  0.009739         -99         -99         -99         -99
 6.000  7.000  0.20  0.30 -180.00 180.00  0.913399  0.006874         -99         -99         -99         -99
 7.000  9.000  0.20  0.30 -180.00 180.00  0.960594  0.004685         -99         -99         -99         -99
 9.000 11.000  0.20  0.30 -180.00 180.00  0.996259  0.002843         -99         -99         -99         -99
11.000 14.000  0.20  0.30 -180.00 180.00  1.000000  0.001807         -99         -99         -99         -99
14.000 17.000  0.20  0.30 -180.00 180.00  1.000000  0.004426         -99         -99         -99         -99
17.000 999.00  0.20  0.30 -180.00 180.00  1.000000  0.007842         -99         -99         -99         -99
 3.000  3.500  0.30  0.60 -180.00 180.00  0.189208  0.010775         -99         -99         -99         -99
 3.500  4.000  0.30  0.60 -180.00 180.00  0.492642  0.007448         -99         -99         -99         -99
 4.000  4.500  0.30  0.60 -180.00 180.00  0.787908  0.005772         -99         -99         -99         -99
 4.500  5.000  0.30  0.60 -180.00 180.00  0.895374  0.004046         -99         -99         -99         -99
 5.000  5.500  0.30  0.60 -180.00 180.00  0.939545  0.003285         -99         -99         -99         -99
 5.500  6.000  0.30  0.60 -180.00 180.00  0.966314  0.002803         -99         -99         -99         -99
 6.000  7.000  0.30  0.60 -180.00 180.00  0.975551  0.002044         -99         -99         -99         -99
 7.000  9.000  0.30  0.60 -180.00 180.00  0.991532  0.001234         -99         -99         -99         -99
 9.000 11.000  0.30  0.60 -180.00 180.00  0.997840  0.001077         -99         -99         -99         -99
11.000 14.000  0.30  0.60 -180.00 180.00  1.000000  0.000502         -99         -99         -99         -99
14.000 17.000  0.30  0.60 -180.00 180.00  0.995902  0.003114         -99         -99         -99         -99
17.000 999.00  0.30  0.60 -180.00 180.00  1.000000  0.002681         -99         -99         -99         -99
 3.000  3.500  0.60  0.80 -180.00 180.00  0.286915  0.016351         -99         -99         -99         -99
 3.500  4.000  0.60  0.80 -180.00 180.00  0.587620  0.008709         -99         -99         -99         -99
 4.000  4.500  0.60  0.80 -180.00 180.00  0.818455  0.005785         -99         -99         -99         -99
 4.500  5.000  0.60  0.80 -180.00 180.00  0.916165  0.003980         -99         -99         -99         -99
 5.000  5.500  0.60  0.80 -180.00 180.00  0.943216  0.003667         -99         -99         -99         -99
 5.500  6.000  0.60  0.80 -180.00 180.00  0.958257  0.003678         -99         -99         -99         -99
 6.000  7.000  0.60  0.80 -180.00 180.00  0.974504  0.002495         -99         -99         -99         -99
 7.000  9.000  0.60  0.80 -180.00 180.00  0.988227  0.001766         -99         -99         -99         -99
 9.000 11.000  0.60  0.80 -180.00 180.00  0.996850  0.001570         -99         -99         -99         -99
11.000 14.000  0.60  0.80 -180.00 180.00  0.998233  0.001741         -99         -99         -99         -99
14.000 17.000  0.60  0.80 -180.00 180.00  1.000000  0.001989         -99         -99         -99         -99
17.000 999.00  0.60  0.80 -180.00 180.00  1.000000  0.004263         -99         -99         -99         -99
 3.000  3.500  0.80  1.20 -180.00 180.00  0.161027  0.006458         -99         -99         -99         -99
 3.500  4.000  0.80  1.20 -180.00 180.00  0.482484  0.004937         -99         -99         -99         -99
 4.000  4.500  0.80  1.20 -180.00 180.00  0.764336  0.003822         -99         -99         -99         -99
 4.500  5.000  0.80  1.20 -180.00 180.00  0.881961  0.003061         -99         -99         -99         -99
 5.000  5.500  0.80  1.20 -180.00 180.00  0.923387  0.002847         -99         -99         -99         -99
 5.500  6.000  0.80  1.20 -180.00 180.00  0.940998  0.002851         -99         -99         -99         -99
 6.000  7.000  0.80  1.20 -180.00 180.00  0.953752  0.002166         -99         -99         -99         -99
 7.000  9.000  0.80  1.20 -180.00 180.00  0.978573  0.001526         -99         -99         -99         -99
 9.000 11.000  0.80  1.20 -180.00 180.00  0.990911  0.001622         -99         -99         -99         -99
11.000 14.000  0.80  1.20 -180.00 180.00  0.996368  0.001427         -99         -99         -99         -99
14.000 17.000  0.80  1.20 -180.00 180.00  0.998941  0.001661         -99         -99         -99         -99
17.000 999.00  0.80  1.20 -180.00 180.00  0.997732  0.003550         -99         -99         -99         -99
 3.000  3.500  1.20  1.60 -180.00 180.00  0.851115  0.002175         -99         -99         -99         -99
 3.500  4.000  1.20  1.60 -180.00 180.00  0.927060  0.001735         -99         -99         -99         -99
 4.000  4.500  1.20  1.60 -180.00 180.00  0.954241  0.001604         -99         -99         -99         -99
 4.500  5.000  1.20  1.60 -180.00 180.00  0.965930  0.001616         -99         -99         -99         -99
 5.000  5.500  1.20  1.60 -180.00 180.00  0.969777  0.001752         -99         -99         -99         -99
 5.500  6.000  1.20  1.60 -180.00 180.00  0.975182  0.001834         -99         -99         -99         -99
 6.000  7.000  1.20  1.60 -180.00 180.00  0.974905  0.001585         -99         -99         -99         -99
 7.000  9.000  1.20  1.60 -180.00 180.00  0.982544  0.001338         -99         -99         -99         -99
 9.000 11.000  1.20  1.60 -180.00 180.00  0.989232  0.001728         -99         -99         -99         -99
11.000 14.000  1.20  1.60 -180.00 180.00  0.996924  0.001295         -99         -99         -99         -99
14.000 17.000  1.20  1.60 -180.00 180.00  0.998954  0.001640         -99         -99         -99         -99
17.000 999.00  1.20  1.60 -180.00 180.00  0.995526  0.004399         -99         -99         -99         -99
 3.000  3.500  1.60  2.10 -180.00 180.00  0.938857  0.001339         -99         -99         -99         -99
 3.500  4.000  1.60  2.10 -180.00 180.00  0.949180  0.001388         -99         -99         -99         -99
 4.000  4.500  1.60  2.10 -180.00 180.00  0.954903  0.001521         -99         -99         -99         -99
 4.500  5.000  1.60  2.10 -180.00 180.00  0.959190  0.001649         -99         -99         -99         -99
 5.000  5.500  1.60  2.10 -180.00 180.00  0.957497  0.001931         -99         -99         -99         -99
 5.500  6.000  1.60  2.10 -180.00 180.00  0.958202  0.002193         -99         -99         -99         -99
 6.000  7.000  1.60  2.10 -180.00 180.00  0.967829  0.001645         -99         -99         -99         -99
 7.000  9.000  1.60  2.10 -180.00 180.00  0.977249  0.001398         -99         -99         -99         -99
 9.000 11.000  1.60  2.10 -180.00 180.00  0.987945  0.001658         -99         -99         -99         -99
11.000 14.000  1.60  2.10 -180.00 180.00  0.996194  0.001333         -99         -99         -99         -99
14.000 17.000  1.60  2.10 -180.00 180.00  0.997056  0.002239         -99         -99         -99         -99
17.000 999.00  1.60  2.10 -180.00 180.00  0.997636  0.003700         -99         -99         -99         -99
 3.000  3.500  2.10  2.40 -180.00 180.00  0.915581  0.002325         -99         -99         -99         -99
 3.500  4.000  2.10  2.40 -180.00 180.00  0.935225  0.002383         -99         -99         -99         -99
 4.000  4.500  2.10  2.40 -180.00 180.00  0.950160  0.002493         -99         -99         -99         -99
 4.500  5.000  2.10  2.40 -180.00 180.00  0.953130  0.002774         -99         -99         -99         -99
 5.000  5.500  2.10  2.40 -180.00 180.00  0.958942  0.003009         -99         -99         -99         -99
 5.500  6.000  2.10  2.40 -180.00 180.00  0.963504  0.003370         -99         -99         -99         -99
 6.000  7.000  2.10  2.40 -180.00 180.00  0.967642  0.002761         -99         -99         -99         -99
 7.000  9.000  2.10  2.40 -180.00 180.00  0.978771  0.002280         -99         -99         -99         -99
 9.000 11.000  2.10  2.40 -180.00 180.00  0.990330  0.002642         -99         -99         -99         -99
11.000 14.000  2.10  2.40 -180.00 180.00  0.994231  0.002871         -99         -99         -99         -99
14.000 17.000  2.10  2.40 -180.00 180.00  0.997118  0.004508         -99         -99         -99         -99
17.000 999.00  2.10  2.40 -180.00 180.00  1.000000  0.006470         -99         -99         -99         -99
