# ===================================================================
# Summary for luca/H2D_L3Efficiency_GlbTM_ProbeTrackMatched_mc_MC.dat
# -------------------------------------------------------------------
# Number of cells:    96
# Number of pass :        -9504
# Number of total:        -9504
# -------------------------------
# min momentum:       3
# max momentum:       20
# min polar angle:    0
# max polar angle:    2.4
# -------------------------------
# min efficiency:       99
# max efficiency:       -1
# min error:            99
# max error:            -1
# -------------------------------
# <Efficiency>:       0.979964
#                 +/- 0.00018759
# <Delta Efficiency>: 0.00150202
# -------------------------------
 3.000  3.500  0.00  0.20 -180.00 180.00  0.126783  0.022785         -99         -99         -99         -99
 3.500  4.000  0.00  0.20 -180.00 180.00  0.499554  0.010535         -99         -99         -99         -99
 4.000  4.500  0.00  0.20 -180.00 180.00  0.726408  0.008890         -99         -99         -99         -99
 4.500  5.000  0.00  0.20 -180.00 180.00  0.861768  0.006418         -99         -99         -99         -99
 5.000  5.500  0.00  0.20 -180.00 180.00  0.919694  0.005158         -99         -99         -99         -99
 5.500  6.000  0.00  0.20 -180.00 180.00  0.967041  0.003310         -99         -99         -99         -99
 6.000  7.000  0.00  0.20 -180.00 180.00  0.976181  0.002367         -99         -99         -99         -99
 7.000  9.000  0.00  0.20 -180.00 180.00  0.989207  0.001553         -99         -99         -99         -99
 9.000 11.000  0.00  0.20 -180.00 180.00  0.998402  0.000930         -99         -99         -99         -99
11.000 14.000  0.00  0.20 -180.00 180.00  1.000000  0.000776         -99         -99         -99         -99
14.000 17.000  0.00  0.20 -180.00 180.00  1.000000  0.001755         -99         -99         -99         -99
17.000 999.00  0.00  0.20 -180.00 180.00  1.000000  0.004544         -99         -99         -99         -99
 3.000  3.500  0.20  0.30 -180.00 180.00  0.134348  0.027948         -99         -99         -99         -99
 3.500  4.000  0.20  0.30 -180.00 180.00  0.401780  0.016466         -99         -99         -99         -99
 4.000  4.500  0.20  0.30 -180.00 180.00  0.674027  0.014164         -99         -99         -99         -99
 4.500  5.000  0.20  0.30 -180.00 180.00  0.751055  0.011497         -99         -99         -99         -99
 5.000  5.500  0.20  0.30 -180.00 180.00  0.823872  0.009565         -99         -99         -99         -99
 5.500  6.000  0.20  0.30 -180.00 180.00  0.865083  0.009389         -99         -99         -99         -99
 6.000  7.000  0.20  0.30 -180.00 180.00  0.914172  0.006983         -99         -99         -99         -99
 7.000  9.000  0.20  0.30 -180.00 180.00  0.960410  0.004427         -99         -99         -99         -99
 9.000 11.000  0.20  0.30 -180.00 180.00  0.996252  0.002175         -99         -99         -99         -99
11.000 14.000  0.20  0.30 -180.00 180.00  1.000000  0.001846         -99         -99         -99         -99
14.000 17.000  0.20  0.30 -180.00 180.00  1.000000  0.004663         -99         -99         -99         -99
17.000 999.00  0.20  0.30 -180.00 180.00  1.000000  0.008424         -99         -99         -99         -99
 3.000  3.500  0.30  0.60 -180.00 180.00  0.187435  0.010458         -99         -99         -99         -99
 3.500  4.000  0.30  0.60 -180.00 180.00  0.494907  0.007434         -99         -99         -99         -99
 4.000  4.500  0.30  0.60 -180.00 180.00  0.787755  0.005755         -99         -99         -99         -99
 4.500  5.000  0.30  0.60 -180.00 180.00  0.895881  0.003966         -99         -99         -99         -99
 5.000  5.500  0.30  0.60 -180.00 180.00  0.938993  0.003210         -99         -99         -99         -99
 5.500  6.000  0.30  0.60 -180.00 180.00  0.966212  0.002688         -99         -99         -99         -99
 6.000  7.000  0.30  0.60 -180.00 180.00  0.975416  0.001970         -99         -99         -99         -99
 7.000  9.000  0.30  0.60 -180.00 180.00  0.991470  0.001156         -99         -99         -99         -99
 9.000 11.000  0.30  0.60 -180.00 180.00  0.998012  0.000924         -99         -99         -99         -99
11.000 14.000  0.30  0.60 -180.00 180.00  1.000000  0.000504         -99         -99         -99         -99
14.000 17.000  0.30  0.60 -180.00 180.00  0.995901  0.002382         -99         -99         -99         -99
17.000 999.00  0.30  0.60 -180.00 180.00  1.000000  0.002734         -99         -99         -99         -99
 3.000  3.500  0.60  0.80 -180.00 180.00  0.284374  0.016239         -99         -99         -99         -99
 3.500  4.000  0.60  0.80 -180.00 180.00  0.587601  0.008513         -99         -99         -99         -99
 4.000  4.500  0.60  0.80 -180.00 180.00  0.817681  0.005687         -99         -99         -99         -99
 4.500  5.000  0.60  0.80 -180.00 180.00  0.915929  0.003930         -99         -99         -99         -99
 5.000  5.500  0.60  0.80 -180.00 180.00  0.943441  0.003580         -99         -99         -99         -99
 5.500  6.000  0.60  0.80 -180.00 180.00  0.959026  0.003699         -99         -99         -99         -99
 6.000  7.000  0.60  0.80 -180.00 180.00  0.974521  0.002449         -99         -99         -99         -99
 7.000  9.000  0.60  0.80 -180.00 180.00  0.988130  0.001658         -99         -99         -99         -99
 9.000 11.000  0.60  0.80 -180.00 180.00  0.997386  0.001235         -99         -99         -99         -99
11.000 14.000  0.60  0.80 -180.00 180.00  0.998213  0.001279         -99         -99         -99         -99
14.000 17.000  0.60  0.80 -180.00 180.00  1.000000  0.001990         -99         -99         -99         -99
17.000 999.00  0.60  0.80 -180.00 180.00  1.000000  0.004337         -99         -99         -99         -99
 3.000  3.500  0.80  1.20 -180.00 180.00  0.161664  0.006324         -99         -99         -99         -99
 3.500  4.000  0.80  1.20 -180.00 180.00  0.481975  0.004987         -99         -99         -99         -99
 4.000  4.500  0.80  1.20 -180.00 180.00  0.765337  0.003864         -99         -99         -99         -99
 4.500  5.000  0.80  1.20 -180.00 180.00  0.882452  0.003076         -99         -99         -99         -99
 5.000  5.500  0.80  1.20 -180.00 180.00  0.923886  0.002874         -99         -99         -99         -99
 5.500  6.000  0.80  1.20 -180.00 180.00  0.940549  0.002808         -99         -99         -99         -99
 6.000  7.000  0.80  1.20 -180.00 180.00  0.953261  0.002130         -99         -99         -99         -99
 7.000  9.000  0.80  1.20 -180.00 180.00  0.978459  0.001475         -99         -99         -99         -99
 9.000 11.000  0.80  1.20 -180.00 180.00  0.990820  0.001535         -99         -99         -99         -99
11.000 14.000  0.80  1.20 -180.00 180.00  0.996332  0.001224         -99         -99         -99         -99
14.000 17.000  0.80  1.20 -180.00 180.00  0.998935  0.001094         -99         -99         -99         -99
17.000 999.00  0.80  1.20 -180.00 180.00  1.000000  0.001220         -99         -99         -99         -99
 3.000  3.500  1.20  1.60 -180.00 180.00  0.850043  0.002228         -99         -99         -99         -99
 3.500  4.000  1.20  1.60 -180.00 180.00  0.926798  0.001770         -99         -99         -99         -99
 4.000  4.500  1.20  1.60 -180.00 180.00  0.953756  0.001611         -99         -99         -99         -99
 4.500  5.000  1.20  1.60 -180.00 180.00  0.965834  0.001663         -99         -99         -99         -99
 5.000  5.500  1.20  1.60 -180.00 180.00  0.969379  0.001717         -99         -99         -99         -99
 5.500  6.000  1.20  1.60 -180.00 180.00  0.975505  0.001878         -99         -99         -99         -99
 6.000  7.000  1.20  1.60 -180.00 180.00  0.974737  0.001539         -99         -99         -99         -99
 7.000  9.000  1.20  1.60 -180.00 180.00  0.983216  0.001342         -99         -99         -99         -99
 9.000 11.000  1.20  1.60 -180.00 180.00  0.989186  0.001609         -99         -99         -99         -99
11.000 14.000  1.20  1.60 -180.00 180.00  0.996907  0.001101         -99         -99         -99         -99
14.000 17.000  1.20  1.60 -180.00 180.00  0.998946  0.001083         -99         -99         -99         -99
17.000 999.00  1.20  1.60 -180.00 180.00  0.995513  0.003198         -99         -99         -99         -99
 3.000  3.500  1.60  2.10 -180.00 180.00  0.938689  0.001390         -99         -99         -99         -99
 3.500  4.000  1.60  2.10 -180.00 180.00  0.949169  0.001422         -99         -99         -99         -99
 4.000  4.500  1.60  2.10 -180.00 180.00  0.954326  0.001554         -99         -99         -99         -99
 4.500  5.000  1.60  2.10 -180.00 180.00  0.959038  0.001684         -99         -99         -99         -99
 5.000  5.500  1.60  2.10 -180.00 180.00  0.957042  0.001973         -99         -99         -99         -99
 5.500  6.000  1.60  2.10 -180.00 180.00  0.957850  0.002210         -99         -99         -99         -99
 6.000  7.000  1.60  2.10 -180.00 180.00  0.967552  0.001687         -99         -99         -99         -99
 7.000  9.000  1.60  2.10 -180.00 180.00  0.976495  0.001398         -99         -99         -99         -99
 9.000 11.000  1.60  2.10 -180.00 180.00  0.988217  0.001629         -99         -99         -99         -99
11.000 14.000  1.60  2.10 -180.00 180.00  0.996610  0.001176         -99         -99         -99         -99
14.000 17.000  1.60  2.10 -180.00 180.00  0.996909  0.001801         -99         -99         -99         -99
17.000 999.00  1.60  2.10 -180.00 180.00  0.997551  0.002511         -99         -99         -99         -99
 3.000  3.500  2.10  2.40 -180.00 180.00  0.916419  0.002472         -99         -99         -99         -99
 3.500  4.000  2.10  2.40 -180.00 180.00  0.934272  0.002522         -99         -99         -99         -99
 4.000  4.500  2.10  2.40 -180.00 180.00  0.950748  0.002649         -99         -99         -99         -99
 4.500  5.000  2.10  2.40 -180.00 180.00  0.952810  0.002954         -99         -99         -99         -99
 5.000  5.500  2.10  2.40 -180.00 180.00  0.959213  0.005460         -99         -99         -99         -99
 5.500  6.000  2.10  2.40 -180.00 180.00  0.965088  0.003514         -99         -99         -99         -99
 6.000  7.000  2.10  2.40 -180.00 180.00  0.967800  0.002872         -99         -99         -99         -99
 7.000  9.000  2.10  2.40 -180.00 180.00  0.977950  0.012292         -99         -99         -99         -99
 9.000 11.000  2.10  2.40 -180.00 180.00  0.989470  0.006637         -99         -99         -99         -99
11.000 14.000  2.10  2.40 -180.00 180.00  0.993776  0.002545         -99         -99         -99         -99
14.000 17.000  2.10  2.40 -180.00 180.00  1.000000  0.002532         -99         -99         -99         -99
17.000 999.00  2.10  2.40 -180.00 180.00  1.000000  0.007922         -99         -99         -99         -99
