# =====================================================================
# Summary for luca/H2D_L1L2Efficiency_GlbTM_ProbeTrackMatched_mc_MC.dat
# ---------------------------------------------------------------------
# Number of cells:    96
# Number of pass :        -9504
# Number of total:        -9504
# -------------------------------
# min momentum:       3
# max momentum:       20
# min polar angle:    0
# max polar angle:    2.4
# -------------------------------
# min efficiency:       99
# max efficiency:       -1
# min error:            99
# max error:            -1
# -------------------------------
# <Efficiency>:       0.99037
#                 +/- 0.000309393
# <Delta Efficiency>: 0.00230635
# -------------------------------
 3.000  3.500  0.00  0.20 -180.00 180.00  0.304413  0.056310         -99         -99         -99         -99
 3.500  4.000  0.00  0.20 -180.00 180.00  0.820193  0.014388         -99         -99         -99         -99
 4.000  4.500  0.00  0.20 -180.00 180.00  0.821427  0.013786         -99         -99         -99         -99
 4.500  5.000  0.00  0.20 -180.00 180.00  0.939312  0.008075         -99         -99         -99         -99
 5.000  5.500  0.00  0.20 -180.00 180.00  0.953133  0.006977         -99         -99         -99         -99
 5.500  6.000  0.00  0.20 -180.00 180.00  0.971425  0.005918         -99         -99         -99         -99
 6.000  7.000  0.00  0.20 -180.00 180.00  0.986373  0.003386         -99         -99         -99         -99
 7.000  9.000  0.00  0.20 -180.00 180.00  0.990970  0.002602         -99         -99         -99         -99
 9.000 11.000  0.00  0.20 -180.00 180.00  0.998303  0.001740         -99         -99         -99         -99
11.000 14.000  0.00  0.20 -180.00 180.00  1.000000  0.002363         -99         -99         -99         -99
14.000 17.000  0.00  0.20 -180.00 180.00  1.000000  0.006168         -99         -99         -99         -99
17.000 999.00  0.00  0.20 -180.00 180.00  1.000000  0.012857         -99         -99         -99         -99
 3.000  3.500  0.20  0.30 -180.00 180.00  0.456468  0.075096         -99         -99         -99         -99
 3.500  4.000  0.20  0.30 -180.00 180.00  0.554482  0.026980         -99         -99         -99         -99
 4.000  4.500  0.20  0.30 -180.00 180.00  0.755960  0.023418         -99         -99         -99         -99
 4.500  5.000  0.20  0.30 -180.00 180.00  0.847703  0.017582         -99         -99         -99         -99
 5.000  5.500  0.20  0.30 -180.00 180.00  0.911965  0.013703         -99         -99         -99         -99
 5.500  6.000  0.20  0.30 -180.00 180.00  0.936464  0.012824         -99         -99         -99         -99
 6.000  7.000  0.20  0.30 -180.00 180.00  0.931503  0.011505         -99         -99         -99         -99
 7.000  9.000  0.20  0.30 -180.00 180.00  0.985852  0.004976         -99         -99         -99         -99
 9.000 11.000  0.20  0.30 -180.00 180.00  0.995895  0.004216         -99         -99         -99         -99
11.000 14.000  0.20  0.30 -180.00 180.00  0.993193  0.007066         -99         -99         -99         -99
14.000 17.000  0.20  0.30 -180.00 180.00  1.000000  0.014853         -99         -99         -99         -99
17.000 999.00  0.20  0.30 -180.00 180.00  1.000000  0.025039         -99         -99         -99         -99
 3.000  3.500  0.30  0.60 -180.00 180.00  0.741661  0.021403         -99         -99         -99         -99
 3.500  4.000  0.30  0.60 -180.00 180.00  0.826406  0.010353         -99         -99         -99         -99
 4.000  4.500  0.30  0.60 -180.00 180.00  0.906997  0.008352         -99         -99         -99         -99
 4.500  5.000  0.30  0.60 -180.00 180.00  0.954674  0.004947         -99         -99         -99         -99
 5.000  5.500  0.30  0.60 -180.00 180.00  0.967817  0.004436         -99         -99         -99         -99
 5.500  6.000  0.30  0.60 -180.00 180.00  0.980951  0.003990         -99         -99         -99         -99
 6.000  7.000  0.30  0.60 -180.00 180.00  0.990236  0.002432         -99         -99         -99         -99
 7.000  9.000  0.30  0.60 -180.00 180.00  0.995024  0.001661         -99         -99         -99         -99
 9.000 11.000  0.30  0.60 -180.00 180.00  0.998885  0.001143         -99         -99         -99         -99
11.000 14.000  0.30  0.60 -180.00 180.00  1.000000  0.001549         -99         -99         -99         -99
14.000 17.000  0.30  0.60 -180.00 180.00  0.990816  0.006538         -99         -99         -99         -99
17.000 999.00  0.30  0.60 -180.00 180.00  1.000000  0.009700         -99         -99         -99         -99
 3.000  3.500  0.60  0.80 -180.00 180.00  0.643177  0.030829         -99         -99         -99         -99
 3.500  4.000  0.60  0.80 -180.00 180.00  0.732554  0.015684         -99         -99         -99         -99
 4.000  4.500  0.60  0.80 -180.00 180.00  0.912716  0.008217         -99         -99         -99         -99
 4.500  5.000  0.60  0.80 -180.00 180.00  0.933430  0.006844         -99         -99         -99         -99
 5.000  5.500  0.60  0.80 -180.00 180.00  0.975282  0.004703         -99         -99         -99         -99
 5.500  6.000  0.60  0.80 -180.00 180.00  0.965277  0.006705         -99         -99         -99         -99
 6.000  7.000  0.60  0.80 -180.00 180.00  0.994637  0.002194         -99         -99         -99         -99
 7.000  9.000  0.60  0.80 -180.00 180.00  0.990753  0.006151         -99         -99         -99         -99
 9.000 11.000  0.60  0.80 -180.00 180.00  0.998352  0.001697         -99         -99         -99         -99
11.000 14.000  0.60  0.80 -180.00 180.00  1.000000  0.002487         -99         -99         -99         -99
14.000 17.000  0.60  0.80 -180.00 180.00  1.000000  0.006865         -99         -99         -99         -99
17.000 999.00  0.60  0.80 -180.00 180.00  1.000000  0.014176         -99         -99         -99         -99
 3.000  3.500  0.80  1.20 -180.00 180.00  0.583025  0.017621         -99         -99         -99         -99
 3.500  4.000  0.80  1.20 -180.00 180.00  0.796714  0.105929         -99         -99         -99         -99
 4.000  4.500  0.80  1.20 -180.00 180.00  0.947935  0.004295         -99         -99         -99         -99
 4.500  5.000  0.80  1.20 -180.00 180.00  0.966581  0.003488         -99         -99         -99         -99
 5.000  5.500  0.80  1.20 -180.00 180.00  0.968159  0.003829         -99         -99         -99         -99
 5.500  6.000  0.80  1.20 -180.00 180.00  0.965923  0.004523         -99         -99         -99         -99
 6.000  7.000  0.80  1.20 -180.00 180.00  0.985857  0.002585         -99         -99         -99         -99
 7.000  9.000  0.80  1.20 -180.00 180.00  0.997030  0.001125         -99         -99         -99         -99
 9.000 11.000  0.80  1.20 -180.00 180.00  0.998128  0.001344         -99         -99         -99         -99
11.000 14.000  0.80  1.20 -180.00 180.00  0.998605  0.001433         -99         -99         -99         -99
14.000 17.000  0.80  1.20 -180.00 180.00  0.996618  0.003463         -99         -99         -99         -99
17.000 999.00  0.80  1.20 -180.00 180.00  1.000000  0.006659         -99         -99         -99         -99
 3.000  3.500  1.20  1.60 -180.00 180.00  0.932213  0.003708         -99         -99         -99         -99
 3.500  4.000  1.20  1.60 -180.00 180.00  0.958339  0.003289         -99         -99         -99         -99
 4.000  4.500  1.20  1.60 -180.00 180.00  0.971669  0.002903         -99         -99         -99         -99
 4.500  5.000  1.20  1.60 -180.00 180.00  0.978693  0.002941         -99         -99         -99         -99
 5.000  5.500  1.20  1.60 -180.00 180.00  0.984539  0.003670         -99         -99         -99         -99
 5.500  6.000  1.20  1.60 -180.00 180.00  0.983823  0.003648         -99         -99         -99         -99
 6.000  7.000  1.20  1.60 -180.00 180.00  0.996334  0.001387         -99         -99         -99         -99
 7.000  9.000  1.20  1.60 -180.00 180.00  0.997673  0.001046         -99         -99         -99         -99
 9.000 11.000  1.20  1.60 -180.00 180.00  0.998024  0.001418         -99         -99         -99         -99
11.000 14.000  1.20  1.60 -180.00 180.00  1.000000  0.001342         -99         -99         -99         -99
14.000 17.000  1.20  1.60 -180.00 180.00  1.000000  0.004201         -99         -99         -99         -99
17.000 999.00  1.20  1.60 -180.00 180.00  0.991613  0.008655         -99         -99         -99         -99
 3.000  3.500  1.60  2.10 -180.00 180.00  0.929386  0.003758         -99         -99         -99         -99
 3.500  4.000  1.60  2.10 -180.00 180.00  0.942561  0.003686         -99         -99         -99         -99
 4.000  4.500  1.60  2.10 -180.00 180.00  0.951597  0.004107         -99         -99         -99         -99
 4.500  5.000  1.60  2.10 -180.00 180.00  0.968203  0.003874         -99         -99         -99         -99
 5.000  5.500  1.60  2.10 -180.00 180.00  0.959804  0.004773         -99         -99         -99         -99
 5.500  6.000  1.60  2.10 -180.00 180.00  0.967496  0.004830         -99         -99         -99         -99
 6.000  7.000  1.60  2.10 -180.00 180.00  0.980965  0.003661         -99         -99         -99         -99
 7.000  9.000  1.60  2.10 -180.00 180.00  0.990645  0.002140         -99         -99         -99         -99
 9.000 11.000  1.60  2.10 -180.00 180.00  0.991392  0.003478         -99         -99         -99         -99
11.000 14.000  1.60  2.10 -180.00 180.00  0.996773  0.002329         -99         -99         -99         -99
14.000 17.000  1.60  2.10 -180.00 180.00  0.990741  0.006597         -99         -99         -99         -99
17.000 999.00  1.60  2.10 -180.00 180.00  1.000000  0.010469         -99         -99         -99         -99
 3.000  3.500  2.10  2.40 -180.00 180.00  0.935910  0.005948         -99         -99         -99         -99
 3.500  4.000  2.10  2.40 -180.00 180.00  0.942098  0.006849         -99         -99         -99         -99
 4.000  4.500  2.10  2.40 -180.00 180.00  0.961578  0.007307         -99         -99         -99         -99
 4.500  5.000  2.10  2.40 -180.00 180.00  0.953584  0.007612         -99         -99         -99         -99
 5.000  5.500  2.10  2.40 -180.00 180.00  0.954439  0.011173         -99         -99         -99         -99
 5.500  6.000  2.10  2.40 -180.00 180.00  0.961293  0.009517         -99         -99         -99         -99
 6.000  7.000  2.10  2.40 -180.00 180.00  0.978771  0.007691         -99         -99         -99         -99
 7.000  9.000  2.10  2.40 -180.00 180.00  0.980988  0.006160         -99         -99         -99         -99
 9.000 11.000  2.10  2.40 -180.00 180.00  0.995612  0.004792         -99         -99         -99         -99
11.000 14.000  2.10  2.40 -180.00 180.00  1.000000  0.004400         -99         -99         -99         -99
14.000 17.000  2.10  2.40 -180.00 180.00  0.979682  0.039202         -99         -99         -99         -99
17.000 999.00  2.10  2.40 -180.00 180.00  1.000000  0.044610         -99         -99         -99         -99
