# ==========================================================================
# Summary for luca/H2D_L1L2Efficiency_GlbTM_ProbeTrackMatched_mc_MCTRUTH.dat
# --------------------------------------------------------------------------
# Number of cells:    96
# Number of pass :        -9504
# Number of total:        -9504
# -------------------------------
# min momentum:       3
# max momentum:       20
# min polar angle:    0
# max polar angle:    2.4
# -------------------------------
# min efficiency:       99
# max efficiency:       -1
# min error:            99
# max error:            -1
# -------------------------------
# <Efficiency>:       0.987604
#                 +/- 0.000362806
# <Delta Efficiency>: 0.00281335
# -------------------------------
 3.000  3.500  0.00  0.20 -180.00 180.00  0.300000  0.061770         -99         -99         -99         -99
 3.500  4.000  0.00  0.20 -180.00 180.00  0.820225  0.015168         -99         -99         -99         -99
 4.000  4.500  0.00  0.20 -180.00 180.00  0.823232  0.014257         -99         -99         -99         -99
 4.500  5.000  0.00  0.20 -180.00 180.00  0.939359  0.008696         -99         -99         -99         -99
 5.000  5.500  0.00  0.20 -180.00 180.00  0.953362  0.007533         -99         -99         -99         -99
 5.500  6.000  0.00  0.20 -180.00 180.00  0.971223  0.006435         -99         -99         -99         -99
 6.000  7.000  0.00  0.20 -180.00 180.00  0.986383  0.003840         -99         -99         -99         -99
 7.000  9.000  0.00  0.20 -180.00 180.00  0.990964  0.003004         -99         -99         -99         -99
 9.000 11.000  0.00  0.20 -180.00 180.00  0.998305  0.002655         -99         -99         -99         -99
11.000 14.000  0.00  0.20 -180.00 180.00  1.000000  0.002348         -99         -99         -99         -99
14.000 17.000  0.00  0.20 -180.00 180.00  1.000000  0.006168         -99         -99         -99         -99
17.000 999.00  0.00  0.20 -180.00 180.00  1.000000  0.012857         -99         -99         -99         -99
 3.000  3.500  0.20  0.30 -180.00 180.00  0.444444  0.084521         -99         -99         -99         -99
 3.500  4.000  0.20  0.30 -180.00 180.00  0.554572  0.028576         -99         -99         -99         -99
 4.000  4.500  0.20  0.30 -180.00 180.00  0.755952  0.025021         -99         -99         -99         -99
 4.500  5.000  0.20  0.30 -180.00 180.00  0.845977  0.018543         -99         -99         -99         -99
 5.000  5.500  0.20  0.30 -180.00 180.00  0.913440  0.014639         -99         -99         -99         -99
 5.500  6.000  0.20  0.30 -180.00 180.00  0.936464  0.014289         -99         -99         -99         -99
 6.000  7.000  0.20  0.30 -180.00 180.00  0.931393  0.012639         -99         -99         -99         -99
 7.000  9.000  0.20  0.30 -180.00 180.00  0.985965  0.005874         -99         -99         -99         -99
 9.000 11.000  0.20  0.30 -180.00 180.00  0.995885  0.006428         -99         -99         -99         -99
11.000 14.000  0.20  0.30 -180.00 180.00  0.993197  0.010591         -99         -99         -99         -99
14.000 17.000  0.20  0.30 -180.00 180.00  1.000000  0.014243         -99         -99         -99         -99
17.000 999.00  0.20  0.30 -180.00 180.00  1.000000  0.025040         -99         -99         -99         -99
 3.000  3.500  0.30  0.60 -180.00 180.00  0.741627  0.022703         -99         -99         -99         -99
 3.500  4.000  0.30  0.60 -180.00 180.00  0.819945  0.010512         -99         -99         -99         -99
 4.000  4.500  0.30  0.60 -180.00 180.00  0.906856  0.007757         -99         -99         -99         -99
 4.500  5.000  0.30  0.60 -180.00 180.00  0.953577  0.005220         -99         -99         -99         -99
 5.000  5.500  0.30  0.60 -180.00 180.00  0.967945  0.004760         -99         -99         -99         -99
 5.500  6.000  0.30  0.60 -180.00 180.00  0.980952  0.004280         -99         -99         -99         -99
 6.000  7.000  0.30  0.60 -180.00 180.00  0.990291  0.002743         -99         -99         -99         -99
 7.000  9.000  0.30  0.60 -180.00 180.00  0.995033  0.001951         -99         -99         -99         -99
 9.000 11.000  0.30  0.60 -180.00 180.00  0.998888  0.001744         -99         -99         -99         -99
11.000 14.000  0.30  0.60 -180.00 180.00  1.000000  0.001529         -99         -99         -99         -99
14.000 17.000  0.30  0.60 -180.00 180.00  0.990826  0.008986         -99         -99         -99         -99
17.000 999.00  0.30  0.60 -180.00 180.00  1.000000  0.009348         -99         -99         -99         -99
 3.000  3.500  0.60  0.80 -180.00 180.00  0.643154  0.033038         -99         -99         -99         -99
 3.500  4.000  0.60  0.80 -180.00 180.00  0.735871  0.015626         -99         -99         -99         -99
 4.000  4.500  0.60  0.80 -180.00 180.00  0.912712  0.008688         -99         -99         -99         -99
 4.500  5.000  0.60  0.80 -180.00 180.00  0.932642  0.007230         -99         -99         -99         -99
 5.000  5.500  0.60  0.80 -180.00 180.00  0.975275  0.005194         -99         -99         -99         -99
 5.500  6.000  0.60  0.80 -180.00 180.00  0.965517  0.007359         -99         -99         -99         -99
 6.000  7.000  0.60  0.80 -180.00 180.00  0.994676  0.002650         -99         -99         -99         -99
 7.000  9.000  0.60  0.80 -180.00 180.00  0.990841  0.003199         -99         -99         -99         -99
 9.000 11.000  0.60  0.80 -180.00 180.00  0.998347  0.002589         -99         -99         -99         -99
11.000 14.000  0.60  0.80 -180.00 180.00  1.000000  0.002487         -99         -99         -99         -99
14.000 17.000  0.60  0.80 -180.00 180.00  1.000000  0.006426         -99         -99         -99         -99
17.000 999.00  0.60  0.80 -180.00 180.00  1.000000  0.013818         -99         -99         -99         -99
 3.000  3.500  0.80  1.20 -180.00 180.00  0.583035  0.017725         -99         -99         -99         -99
 3.500  4.000  0.80  1.20 -180.00 180.00  0.803183  0.008390         -99         -99         -99         -99
 4.000  4.500  0.80  1.20 -180.00 180.00  0.947515  0.004356         -99         -99         -99         -99
 4.500  5.000  0.80  1.20 -180.00 180.00  0.966741  0.003675         -99         -99         -99         -99
 5.000  5.500  0.80  1.20 -180.00 180.00  0.968156  0.004090         -99         -99         -99         -99
 5.500  6.000  0.80  1.20 -180.00 180.00  0.966091  0.004832         -99         -99         -99         -99
 6.000  7.000  0.80  1.20 -180.00 180.00  0.985935  0.002755         -99         -99         -99         -99
 7.000  9.000  0.80  1.20 -180.00 180.00  0.997046  0.001344         -99         -99         -99         -99
 9.000 11.000  0.80  1.20 -180.00 180.00  0.998179  0.001795         -99         -99         -99         -99
11.000 14.000  0.80  1.20 -180.00 180.00  0.998632  0.002144         -99         -99         -99         -99
14.000 17.000  0.80  1.20 -180.00 180.00  0.996622  0.005282         -99         -99         -99         -99
17.000 999.00  0.80  1.20 -180.00 180.00  1.000000  0.006657         -99         -99         -99         -99
 3.000  3.500  1.20  1.60 -180.00 180.00  0.932349  0.003719         -99         -99         -99         -99
 3.500  4.000  1.20  1.60 -180.00 180.00  0.956656  0.003280         -99         -99         -99         -99
 4.000  4.500  1.20  1.60 -180.00 180.00  0.972005  0.003031         -99         -99         -99         -99
 4.500  5.000  1.20  1.60 -180.00 180.00  0.978876  0.003090         -99         -99         -99         -99
 5.000  5.500  1.20  1.60 -180.00 180.00  0.984119  0.003164         -99         -99         -99         -99
 5.500  6.000  1.20  1.60 -180.00 180.00  0.981882  0.003898         -99         -99         -99         -99
 6.000  7.000  1.20  1.60 -180.00 180.00  0.996337  0.001667         -99         -99         -99         -99
 7.000  9.000  1.20  1.60 -180.00 180.00  0.997670  0.001296         -99         -99         -99         -99
 9.000 11.000  1.20  1.60 -180.00 180.00  0.998033  0.001937         -99         -99         -99         -99
11.000 14.000  1.20  1.60 -180.00 180.00  1.000000  0.001342         -99         -99         -99         -99
14.000 17.000  1.20  1.60 -180.00 180.00  1.000000  0.004167         -99         -99         -99         -99
17.000 999.00  1.20  1.60 -180.00 180.00  0.991597  0.013058         -99         -99         -99         -99
 3.000  3.500  1.60  2.10 -180.00 180.00  0.929026  0.003628         -99         -99         -99         -99
 3.500  4.000  1.60  2.10 -180.00 180.00  0.942732  0.003762         -99         -99         -99         -99
 4.000  4.500  1.60  2.10 -180.00 180.00  0.951069  0.004068         -99         -99         -99         -99
 4.500  5.000  1.60  2.10 -180.00 180.00  0.968110  0.003705         -99         -99         -99         -99
 5.000  5.500  1.60  2.10 -180.00 180.00  0.960458  0.004733         -99         -99         -99         -99
 5.500  6.000  1.60  2.10 -180.00 180.00  0.968040  0.005075         -99         -99         -99         -99
 6.000  7.000  1.60  2.10 -180.00 180.00  0.980349  0.003540         -99         -99         -99         -99
 7.000  9.000  1.60  2.10 -180.00 180.00  0.990799  0.002363         -99         -99         -99         -99
 9.000 11.000  1.60  2.10 -180.00 180.00  0.989023  0.004045         -99         -99         -99         -99
11.000 14.000  1.60  2.10 -180.00 180.00  0.996774  0.003175         -99         -99         -99         -99
14.000 17.000  1.60  2.10 -180.00 180.00  0.991071  0.008747         -99         -99         -99         -99
17.000 999.00  1.60  2.10 -180.00 180.00  1.000000  0.010284         -99         -99         -99         -99
 3.000  3.500  2.10  2.40 -180.00 180.00  0.938076  0.005740         -99         -99         -99         -99
 3.500  4.000  2.10  2.40 -180.00 180.00  0.940975  0.006555         -99         -99         -99         -99
 4.000  4.500  2.10  2.40 -180.00 180.00  0.952517  0.007071         -99         -99         -99         -99
 4.500  5.000  2.10  2.40 -180.00 180.00  0.955828  0.007861         -99         -99         -99         -99
 5.000  5.500  2.10  2.40 -180.00 180.00  0.941791  0.009851         -99         -99         -99         -99
 5.500  6.000  2.10  2.40 -180.00 180.00  0.962264  0.010514         -99         -99         -99         -99
 6.000  7.000  2.10  2.40 -180.00 180.00  0.972789  0.007622         -99         -99         -99         -99
 7.000  9.000  2.10  2.40 -180.00 180.00  0.979032  0.006621         -99         -99         -99         -99
 9.000 11.000  2.10  2.40 -180.00 180.00  0.995984  0.006274         -99         -99         -99         -99
11.000 14.000  2.10  2.40 -180.00 180.00  0.993827  0.009618         -99         -99         -99         -99
14.000 17.000  2.10  2.40 -180.00 180.00  0.958333  0.039764         -99         -99         -99         -99
17.000 999.00  2.10  2.40 -180.00 180.00  1.000000  0.034334         -99         -99         -99         -99
