# ==========================================================
# Summary for ../macros/pidtables/130104/L1L2_mc_cowboys.dat
# ----------------------------------------------------------
# Number of cells:    110
# Number of pass :       -10890
# Number of total:       -10890
# -------------------------------
# min momentum:       4
# max momentum:       500
# min polar angle:    0
# max polar angle:    2.5
# -------------------------------
# min efficiency:       99
# max efficiency:       -1
# min error:            99
# max error:            -1
# -------------------------------
# <Efficiency>:       0.857242
#                 +/- 0.000254161
# <Delta Efficiency>: 0.0017678
# -------------------------------
  4.000   4.500  0.00  0.20 -180.00 180.00  0.887414  0.001704         -99         -99         -99         -99
  4.500   5.000  0.00  0.20 -180.00 180.00  0.912508  0.001725         -99         -99         -99         -99
  5.000   5.500  0.00  0.20 -180.00 180.00  0.965378  0.002236         -99         -99         -99         -99
  5.500   6.000  0.00  0.20 -180.00 180.00  0.974342  0.002670         -99         -99         -99         -99
  6.000   7.000  0.00  0.20 -180.00 180.00  0.994536  0.001779         -99         -99         -99         -99
  4.000   4.500  0.20  0.30 -180.00 180.00  0.621587  0.002139         -99         -99         -99         -99
  4.500   5.000  0.20  0.30 -180.00 180.00  0.689651  0.002165         -99         -99         -99         -99
  5.000   5.500  0.20  0.30 -180.00 180.00  0.686574  0.001856         -99         -99         -99         -99
  5.500   6.000  0.20  0.30 -180.00 180.00  0.833358  0.005274         -99         -99         -99         -99
  6.000   7.000  0.20  0.30 -180.00 180.00  0.898587  0.003866         -99         -99         -99         -99
  4.000   4.500  0.30  0.60 -180.00 180.00  0.888491  0.045246         -99         -99         -99         -99
  4.500   5.000  0.30  0.60 -180.00 180.00  0.910101  0.001234         -99         -99         -99         -99
  5.000   5.500  0.30  0.60 -180.00 180.00  0.960199  0.001522         -99         -99         -99         -99
  5.500   6.000  0.30  0.60 -180.00 180.00  0.951387  0.001647         -99         -99         -99         -99
  6.000   7.000  0.30  0.60 -180.00 180.00  0.975949  0.001296         -99         -99         -99         -99
  4.000   4.500  0.60  0.80 -180.00 180.00  0.872509  0.001692         -99         -99         -99         -99
  4.500   5.000  0.60  0.80 -180.00 180.00  0.899713  0.001948         -99         -99         -99         -99
  5.000   5.500  0.60  0.80 -180.00 180.00  0.962662  0.002912         -99         -99         -99         -99
  5.500   6.000  0.60  0.80 -180.00 180.00  0.972420  0.002989         -99         -99         -99         -99
  6.000   7.000  0.60  0.80 -180.00 180.00  0.957476  0.001877         -99         -99         -99         -99
  4.000   4.500  0.80  1.20 -180.00 180.00  0.721435  0.000549         -99         -99         -99         -99
  4.500   5.000  0.80  1.20 -180.00 180.00  0.828999  0.000810         -99         -99         -99         -99
  5.000   5.500  0.80  1.20 -180.00 180.00  0.909128  0.001307         -99         -99         -99         -99
  5.500   6.000  0.80  1.20 -180.00 180.00  0.957219  0.001625         -99         -99         -99         -99
  6.000   7.000  0.80  1.20 -180.00 180.00  0.959321  0.001040         -99         -99         -99         -99
  4.000   4.500  1.20  1.40 -180.00 180.00  0.840598  0.001662         -99         -99         -99         -99
  4.500   5.000  1.20  1.40 -180.00 180.00  0.921713  0.002242         -99         -99         -99         -99
  5.000   5.500  1.20  1.40 -180.00 180.00  0.952365  0.002368         -99         -99         -99         -99
  5.500   6.000  1.20  1.40 -180.00 180.00  0.961085  0.005178         -99         -99         -99         -99
  6.000   7.000  1.20  1.40 -180.00 180.00  0.891548  0.002211         -99         -99         -99         -99
  4.000   4.500  1.40  1.60 -180.00 180.00  0.888343  0.002639         -99         -99         -99         -99
  4.500   5.000  1.40  1.60 -180.00 180.00  0.878342  0.000000         -99         -99         -99         -99
  5.000   5.500  1.40  1.60 -180.00 180.00  0.971140  0.003161         -99         -99         -99         -99
  5.500   6.000  1.40  1.60 -180.00 180.00  0.939397  0.004411         -99         -99         -99         -99
  6.000   7.000  1.40  1.60 -180.00 180.00  0.972525  0.014854         -99         -99         -99         -99
  4.000   4.500  1.60  1.80 -180.00 180.00  0.750015  0.002610         -99         -99         -99         -99
  4.500   5.000  1.60  1.80 -180.00 180.00  0.875000  0.004436         -99         -99         -99         -99
  5.000   5.500  1.60  1.80 -180.00 180.00  0.890909  0.004707         -99         -99         -99         -99
  5.500   6.000  1.60  1.80 -180.00 180.00  0.868541  0.006524         -99         -99         -99         -99
  6.000   7.000  1.60  1.80 -180.00 180.00  0.863636  0.003653         -99         -99         -99         -99
  4.000   4.500  1.80  2.00 -180.00 180.00  0.830200  0.004144         -99         -99         -99         -99
  4.500   5.000  1.80  2.00 -180.00 180.00  0.741341  0.002304         -99         -99         -99         -99
  5.000   5.500  1.80  2.00 -180.00 180.00  0.851850  0.003521         -99         -99         -99         -99
  5.500   6.000  1.80  2.00 -180.00 180.00  0.763544  0.004873         -99         -99         -99         -99
  6.000   7.000  1.80  2.00 -180.00 180.00  0.744670  0.003442         -99         -99         -99         -99
  4.000   4.500  2.00  2.20 -180.00 180.00  0.758012  0.089907         -99         -99         -99         -99
  4.500   5.000  2.00  2.20 -180.00 180.00  0.771400  0.005095         -99         -99         -99         -99
  5.000   5.500  2.00  2.20 -180.00 180.00  0.828563  0.006191         -99         -99         -99         -99
  5.500   6.000  2.00  2.20 -180.00 180.00  0.826084  0.009313         -99         -99         -99         -99
  6.000   7.000  2.00  2.20 -180.00 180.00  0.869283  0.008043         -99         -99         -99         -99
  4.000   4.500  2.20  2.50 -180.00 180.00  0.705882  0.004007         -99         -99         -99         -99
  4.500   5.000  2.20  2.50 -180.00 180.00  0.904775  0.012631         -99         -99         -99         -99
  5.000   5.500  2.20  2.50 -180.00 180.00  0.687023  0.014774         -99         -99         -99         -99
  5.500   6.000  2.20  2.50 -180.00 180.00  1.000000  0.061880         -99         -99         -99         -99
  6.000   7.000  2.20  2.50 -180.00 180.00  0.940812  0.030037         -99         -99         -99         -99
  7.000   8.000  0.00  0.20 -180.00 180.00  0.979338  0.005581         -99         -99         -99         -99
  8.000  10.000  0.00  0.20 -180.00 180.00  0.985073  0.004748         -99         -99         -99         -99
 10.000  15.000  0.00  0.20 -180.00 180.00  0.949312  0.005193         -99         -99         -99         -99
 15.000  20.000  0.00  0.20 -180.00 180.00  0.957912  0.012583         -99         -99         -99         -99
 20.000 500.000  0.00  0.20 -180.00 180.00  0.900071  0.025752         -99         -99         -99         -99
  7.000   8.000  0.20  0.30 -180.00 180.00  0.923325  0.006375         -99         -99         -99         -99
  8.000  10.000  0.20  0.30 -180.00 180.00  0.941930  0.008477         -99         -99         -99         -99
 10.000  15.000  0.20  0.30 -180.00 180.00  0.929494  0.010284         -99         -99         -99         -99
 15.000  20.000  0.20  0.30 -180.00 180.00  1.000000  0.132641         -99         -99         -99         -99
 20.000 500.000  0.20  0.30 -180.00 180.00  1.000000  0.185115         -99         -99         -99         -99
  7.000   8.000  0.30  0.60 -180.00 180.00  0.942526  0.003370         -99         -99         -99         -99
  8.000  10.000  0.30  0.60 -180.00 180.00  0.983476  0.002648         -99         -99         -99         -99
 10.000  15.000  0.30  0.60 -180.00 180.00  0.982779  0.002773         -99         -99         -99         -99
 15.000  20.000  0.30  0.60 -180.00 180.00  0.867583  0.008089         -99         -99         -99         -99
 20.000 500.000  0.30  0.60 -180.00 180.00  1.000000  0.154606         -99         -99         -99         -99
  7.000   8.000  0.60  0.80 -180.00 180.00  0.886233  0.005675         -99         -99         -99         -99
  8.000  10.000  0.60  0.80 -180.00 180.00  0.975311  0.003881         -99         -99         -99         -99
 10.000  15.000  0.60  0.80 -180.00 180.00  0.986101  0.004426         -99         -99         -99         -99
 15.000  20.000  0.60  0.80 -180.00 180.00  1.000000  0.054584         -99         -99         -99         -99
 20.000 500.000  0.60  0.80 -180.00 180.00  1.000000  0.103210         -99         -99         -99         -99
  7.000   8.000  0.80  1.20 -180.00 180.00  0.985302  0.004690         -99         -99         -99         -99
  8.000  10.000  0.80  1.20 -180.00 180.00  0.976164  0.002478         -99         -99         -99         -99
 10.000  15.000  0.80  1.20 -180.00 180.00  0.934776  0.003129         -99         -99         -99         -99
 15.000  20.000  0.80  1.20 -180.00 180.00  0.931028  0.009758         -99         -99         -99         -99
 20.000 500.000  0.80  1.20 -180.00 180.00  1.000000  0.092885         -99         -99         -99         -99
  7.000   8.000  1.20  1.40 -180.00 180.00  1.000000  0.019651         -99         -99         -99         -99
  8.000  10.000  1.20  1.40 -180.00 180.00  1.000000  0.016594         -99         -99         -99         -99
 10.000  15.000  1.20  1.40 -180.00 180.00  0.948275  0.005109         -99         -99         -99         -99
 15.000  20.000  1.20  1.40 -180.00 180.00  0.842117  0.011804         -99         -99         -99         -99
 20.000 500.000  1.20  1.40 -180.00 180.00  0.799973  0.037470         -99         -99         -99         -99
  7.000   8.000  1.40  1.60 -180.00 180.00  0.857111  0.005590         -99         -99         -99         -99
  8.000  10.000  1.40  1.60 -180.00 180.00  0.939408  0.000000         -99         -99         -99         -99
 10.000  15.000  1.40  1.60 -180.00 180.00  0.931035  0.009764         -99         -99         -99         -99
 15.000  20.000  1.40  1.60 -180.00 180.00  1.000000  0.071421         -99         -99         -99         -99
 20.000 500.000  1.40  1.60 -180.00 180.00  1.000000  0.185115         -99         -99         -99         -99
  7.000   8.000  1.60  1.80 -180.00 180.00  0.884702  0.009812         -99         -99         -99         -99
  8.000  10.000  1.60  1.80 -180.00 180.00  0.900095  0.013178         -99         -99         -99         -99
 10.000  15.000  1.60  1.80 -180.00 180.00  0.907566  0.024356         -99         -99         -99         -99
 15.000  20.000  1.60  1.80 -180.00 180.00  1.000000  0.301695         -99         -99         -99         -99
 20.000 500.000  1.60  1.80 -180.00 180.00  1.000000  0.421350         -99         -99         -99         -99
  7.000   8.000  1.80  2.00 -180.00 180.00  0.636875  0.008551         -99         -99         -99         -99
  8.000  10.000  1.80  2.00 -180.00 180.00  0.882335  0.014661         -99         -99         -99         -99
 10.000  15.000  1.80  2.00 -180.00 180.00  0.666671  0.011951         -99         -99         -99         -99
 15.000  20.000  1.80  2.00 -180.00 180.00  1.000000  0.185115         -99         -99         -99         -99
 20.000 500.000  1.80  2.00 -180.00 180.00  1.000000  0.000000         -99         -99         -99         -99
  7.000   8.000  2.00  2.20 -180.00 180.00  1.000000  0.154606         -99         -99         -99         -99
  8.000  10.000  2.00  2.20 -180.00 180.00  0.851898  0.010440         -99         -99         -99         -99
 10.000  15.000  2.00  2.20 -180.00 180.00  0.749701  0.038234         -99         -99         -99         -99
 15.000  20.000  2.00  2.20 -180.00 180.00  0.749708  0.038241         -99         -99         -99         -99
 20.000 500.000  2.00  2.20 -180.00 180.00  0.666601  0.033387         -99         -99         -99         -99
  7.000   8.000  2.20  2.50 -180.00 180.00  1.000000  0.185115         -99         -99         -99         -99
  8.000  10.000  2.20  2.50 -180.00 180.00  1.000000  0.185115         -99         -99         -99         -99
 10.000  15.000  2.20  2.50 -180.00 180.00  0.684435  0.032168         -99         -99         -99         -99
 15.000  20.000  2.20  2.50 -180.00 180.00  1.000000  0.421350         -99         -99         -99         -99
 20.000 500.000  2.20  2.50 -180.00 180.00  0.666601  0.034324         -99         -99         -99         -99
