# ===========================================================
# Summary for ../macros/pidtables/130104/L1L2_mc_seagulls.dat
# -----------------------------------------------------------
# Number of cells:    110
# Number of pass :       -10890
# Number of total:       -10890
# -------------------------------
# min momentum:       4
# max momentum:       500
# min polar angle:    0
# max polar angle:    2.5
# -------------------------------
# min efficiency:       99
# max efficiency:       -1
# min error:            99
# max error:            -1
# -------------------------------
# <Efficiency>:       0.908182
#                 +/- 0.000194567
# <Delta Efficiency>: 0.0012109
# -------------------------------
  4.000   4.500  0.00  0.20 -180.00 180.00  0.921423  0.001619         -99         -99         -99         -99
  4.500   5.000  0.00  0.20 -180.00 180.00  0.912219  0.001858         -99         -99         -99         -99
  5.000   5.500  0.00  0.20 -180.00 180.00  0.946170  0.001997         -99         -99         -99         -99
  5.500   6.000  0.00  0.20 -180.00 180.00  0.966379  0.002592         -99         -99         -99         -99
  6.000   7.000  0.00  0.20 -180.00 180.00  0.972086  0.001485         -99         -99         -99         -99
  4.000   4.500  0.20  0.30 -180.00 180.00  0.764708  0.005150         -99         -99         -99         -99
  4.500   5.000  0.20  0.30 -180.00 180.00  0.881320  0.004247         -99         -99         -99         -99
  5.000   5.500  0.20  0.30 -180.00 180.00  0.836735  0.004550         -99         -99         -99         -99
  5.500   6.000  0.20  0.30 -180.00 180.00  0.872728  0.004491         -99         -99         -99         -99
  6.000   7.000  0.20  0.30 -180.00 180.00  0.812263  0.002596         -99         -99         -99         -99
  4.000   4.500  0.30  0.60 -180.00 180.00  0.925764  0.001239         -99         -99         -99         -99
  4.500   5.000  0.30  0.60 -180.00 180.00  0.923951  0.001191         -99         -99         -99         -99
  5.000   5.500  0.30  0.60 -180.00 180.00  0.960456  0.001257         -99         -99         -99         -99
  5.500   6.000  0.30  0.60 -180.00 180.00  0.976607  0.001849         -99         -99         -99         -99
  6.000   7.000  0.30  0.60 -180.00 180.00  0.968619  0.001214         -99         -99         -99         -99
  4.000   4.500  0.60  0.80 -180.00 180.00  0.872478  0.001661         -99         -99         -99         -99
  4.500   5.000  0.60  0.80 -180.00 180.00  0.877741  0.001852         -99         -99         -99         -99
  5.000   5.500  0.60  0.80 -180.00 180.00  0.933823  0.002119         -99         -99         -99         -99
  5.500   6.000  0.60  0.80 -180.00 180.00  0.974850  0.003948         -99         -99         -99         -99
  6.000   7.000  0.60  0.80 -180.00 180.00  0.956518  0.005617         -99         -99         -99         -99
  4.000   4.500  0.80  1.20 -180.00 180.00  0.763518  0.000000         -99         -99         -99         -99
  4.500   5.000  0.80  1.20 -180.00 180.00  0.866394  0.001092         -99         -99         -99         -99
  5.000   5.500  0.80  1.20 -180.00 180.00  0.907819  0.001237         -99         -99         -99         -99
  5.500   6.000  0.80  1.20 -180.00 180.00  0.916201  0.001548         -99         -99         -99         -99
  6.000   7.000  0.80  1.20 -180.00 180.00  0.946934  0.001148         -99         -99         -99         -99
  4.000   4.500  1.20  1.40 -180.00 180.00  0.838450  0.001719         -99         -99         -99         -99
  4.500   5.000  1.20  1.40 -180.00 180.00  0.910252  0.001334         -99         -99         -99         -99
  5.000   5.500  1.20  1.40 -180.00 180.00  0.958322  0.002310         -99         -99         -99         -99
  5.500   6.000  1.20  1.40 -180.00 180.00  0.989361  0.003422         -99         -99         -99         -99
  6.000   7.000  1.20  1.40 -180.00 180.00  0.939586  0.001950         -99         -99         -99         -99
  4.000   4.500  1.40  1.60 -180.00 180.00  0.896429  0.002149         -99         -99         -99         -99
  4.500   5.000  1.40  1.60 -180.00 180.00  0.920633  0.001828         -99         -99         -99         -99
  5.000   5.500  1.40  1.60 -180.00 180.00  0.960006  0.003056         -99         -99         -99         -99
  5.500   6.000  1.40  1.60 -180.00 180.00  0.938461  0.004466         -99         -99         -99         -99
  6.000   7.000  1.40  1.60 -180.00 180.00  0.974813  0.002667         -99         -99         -99         -99
  4.000   4.500  1.60  1.80 -180.00 180.00  0.886082  0.000280         -99         -99         -99         -99
  4.500   5.000  1.60  1.80 -180.00 180.00  0.867679  0.002341         -99         -99         -99         -99
  5.000   5.500  1.60  1.80 -180.00 180.00  0.989148  0.003513         -99         -99         -99         -99
  5.500   6.000  1.60  1.80 -180.00 180.00  0.905381  0.003609         -99         -99         -99         -99
  6.000   7.000  1.60  1.80 -180.00 180.00  0.958298  0.003130         -99         -99         -99         -99
  4.000   4.500  1.80  2.00 -180.00 180.00  0.957517  0.002658         -99         -99         -99         -99
  4.500   5.000  1.80  2.00 -180.00 180.00  0.894603  0.002785         -99         -99         -99         -99
  5.000   5.500  1.80  2.00 -180.00 180.00  0.961006  0.003931         -99         -99         -99         -99
  5.500   6.000  1.80  2.00 -180.00 180.00  0.969670  0.008308         -99         -99         -99         -99
  6.000   7.000  1.80  2.00 -180.00 180.00  0.986568  0.005907         -99         -99         -99         -99
  4.000   4.500  2.00  2.20 -180.00 180.00  0.917807  0.003795         -99         -99         -99         -99
  4.500   5.000  2.00  2.20 -180.00 180.00  0.942029  0.005665         -99         -99         -99         -99
  5.000   5.500  2.00  2.20 -180.00 180.00  0.999999  0.004230         -99         -99         -99         -99
  5.500   6.000  2.00  2.20 -180.00 180.00  0.954586  0.001931         -99         -99         -99         -99
  6.000   7.000  2.00  2.20 -180.00 180.00  0.934427  0.004714         -99         -99         -99         -99
  4.000   4.500  2.20  2.50 -180.00 180.00  0.883721  0.005900         -99         -99         -99         -99
  4.500   5.000  2.20  2.50 -180.00 180.00  0.930193  0.006565         -99         -99         -99         -99
  5.000   5.500  2.20  2.50 -180.00 180.00  1.000000  0.028356         -99         -99         -99         -99
  5.500   6.000  2.20  2.50 -180.00 180.00  1.000000  0.038635         -99         -99         -99         -99
  6.000   7.000  2.20  2.50 -180.00 180.00  0.968749  0.009578         -99         -99         -99         -99
  7.000   8.000  0.00  0.20 -180.00 180.00  1.000000  0.014466         -99         -99         -99         -99
  8.000  10.000  0.00  0.20 -180.00 180.00  1.000000  0.010284         -99         -99         -99         -99
 10.000  15.000  0.00  0.20 -180.00 180.00  0.945618  0.004139         -99         -99         -99         -99
 15.000  20.000  0.00  0.20 -180.00 180.00  1.000000  0.030894         -99         -99         -99         -99
 20.000 500.000  0.00  0.20 -180.00 180.00  1.000000  0.132641         -99         -99         -99         -99
  7.000   8.000  0.20  0.30 -180.00 180.00  0.877480  0.010556         -99         -99         -99         -99
  8.000  10.000  0.20  0.30 -180.00 180.00  0.875110  0.007836         -99         -99         -99         -99
 10.000  15.000  0.20  0.30 -180.00 180.00  0.971610  0.004516         -99         -99         -99         -99
 15.000  20.000  0.20  0.30 -180.00 180.00  0.900001  0.010041         -99         -99         -99         -99
 20.000 500.000  0.20  0.30 -180.00 180.00  0.800153  0.000000         -99         -99         -99         -99
  7.000   8.000  0.30  0.60 -180.00 180.00  0.988249  0.003789         -99         -99         -99         -99
  8.000  10.000  0.30  0.60 -180.00 180.00  0.968994  0.002414         -99         -99         -99         -99
 10.000  15.000  0.30  0.60 -180.00 180.00  0.984630  0.002481         -99         -99         -99         -99
 15.000  20.000  0.30  0.60 -180.00 180.00  1.000000  0.029896         -99         -99         -99         -99
 20.000 500.000  0.30  0.60 -180.00 180.00  1.000000  0.066310         -99         -99         -99         -99
  7.000   8.000  0.60  0.80 -180.00 180.00  1.000000  0.017472         -99         -99         -99         -99
  8.000  10.000  0.60  0.80 -180.00 180.00  0.988467  0.003714         -99         -99         -99         -99
 10.000  15.000  0.60  0.80 -180.00 180.00  0.977749  0.003481         -99         -99         -99         -99
 15.000  20.000  0.60  0.80 -180.00 180.00  1.000000  0.042155         -99         -99         -99         -99
 20.000 500.000  0.60  0.80 -180.00 180.00  1.000000  0.103210         -99         -99         -99         -99
  7.000   8.000  0.80  1.20 -180.00 180.00  0.950006  0.002991         -99         -99         -99         -99
  8.000  10.000  0.80  1.20 -180.00 180.00  0.973334  0.002095         -99         -99         -99         -99
 10.000  15.000  0.80  1.20 -180.00 180.00  0.963567  0.002244         -99         -99         -99         -99
 15.000  20.000  0.80  1.20 -180.00 180.00  0.966666  0.010166         -99         -99         -99         -99
 20.000 500.000  0.80  1.20 -180.00 180.00  1.000000  0.058004         -99         -99         -99         -99
  7.000   8.000  1.20  1.40 -180.00 180.00  0.958229  0.006191         -99         -99         -99         -99
  8.000  10.000  1.20  1.40 -180.00 180.00  0.979981  0.005076         -99         -99         -99         -99
 10.000  15.000  1.20  1.40 -180.00 180.00  0.964700  0.005419         -99         -99         -99         -99
 15.000  20.000  1.20  1.40 -180.00 180.00  0.950001  0.014641         -99         -99         -99         -99
 20.000 500.000  1.20  1.40 -180.00 180.00  0.899926  0.025605         -99         -99         -99         -99
  7.000   8.000  1.40  1.60 -180.00 180.00  0.972219  0.008582         -99         -99         -99         -99
  8.000  10.000  1.40  1.60 -180.00 180.00  0.981090  0.003891         -99         -99         -99         -99
 10.000  15.000  1.40  1.60 -180.00 180.00  0.981978  0.005631         -99         -99         -99         -99
 15.000  20.000  1.40  1.60 -180.00 180.00  1.000000  0.066310         -99         -99         -99         -99
 20.000 500.000  1.40  1.60 -180.00 180.00  1.000000  0.132641         -99         -99         -99         -99
  7.000   8.000  1.60  1.80 -180.00 180.00  0.916667  0.007631         -99         -99         -99         -99
  8.000  10.000  1.60  1.80 -180.00 180.00  0.962890  0.007198         -99         -99         -99         -99
 10.000  15.000  1.60  1.80 -180.00 180.00  1.000000  0.021541         -99         -99         -99         -99
 15.000  20.000  1.60  1.80 -180.00 180.00  1.000000  0.103210         -99         -99         -99         -99
 20.000 500.000  1.60  1.80 -180.00 180.00  1.000000  0.124408         -99         -99         -99         -99
  7.000   8.000  1.80  2.00 -180.00 180.00  1.000000  0.031961         -99         -99         -99         -99
  8.000  10.000  1.80  2.00 -180.00 180.00  0.945930  0.007918         -99         -99         -99         -99
 10.000  15.000  1.80  2.00 -180.00 180.00  0.949622  0.007500         -99         -99         -99         -99
 15.000  20.000  1.80  2.00 -180.00 180.00  1.000000  0.058004         -99         -99         -99         -99
 20.000 500.000  1.80  2.00 -180.00 180.00  1.000000  0.185115         -99         -99         -99         -99
  7.000   8.000  2.00  2.20 -180.00 180.00  0.894740  0.013585         -99         -99         -99         -99
  8.000  10.000  2.00  2.20 -180.00 180.00  0.941143  0.017643         -99         -99         -99         -99
 10.000  15.000  2.00  2.20 -180.00 180.00  0.952374  0.014018         -99         -99         -99         -99
 15.000  20.000  2.00  2.20 -180.00 180.00  1.000000  0.185115         -99         -99         -99         -99
 20.000 500.000  2.00  2.20 -180.00 180.00  1.000000  0.421350         -99         -99         -99         -99
  7.000   8.000  2.20  2.50 -180.00 180.00  0.875000  0.029891         -99         -99         -99         -99
  8.000  10.000  2.20  2.50 -180.00 180.00  0.999999  0.000000         -99         -99         -99         -99
 10.000  15.000  2.20  2.50 -180.00 180.00  0.888898  0.014122         -99         -99         -99         -99
 15.000  20.000  2.20  2.50 -180.00 180.00  0.667164  0.033977         -99         -99         -99         -99
 20.000 500.000  2.20  2.50 -180.00 180.00  1.000000  0.421350         -99         -99         -99         -99
